Tm,#Bat,BatAge,R/G,G,PA,AB,R,H,2B,3B,HR,RBI,SB,CS,BB,SO,BA,OBP,SLG,OPS,OPS+,TB,GDP,HBP,SH,SF,IBB,LOB,YEAR
League Average,41,29.2,4.86,162,6269,5578,787,1502,304,32,180,750,92,37,528,1055,.269,.337,.432,.768,97,2409,132,61,55,47,47,1157
,1242,29.2,4.86,4858,188071,167341,23599,45073,9135,952,5386,22491,2767,1110,15847,31655,.269,.337,.432,.768,97,72270,3945,1817,1651,1396,1410,34698,2006
League Average,43,29.1,4.80,162,6287,5593,777,1499,307,31,165,742,97,33,536,1073,.268,.336,.423,.758,97,2364,133,58,51,48,44,1167
,1278,29.1,4.80,4862,188623,167783,23322,44977,9197,938,4957,22257,2918,1002,16079,32189,.268,.336,.423,.758,97,70921,3983,1755,1540,1441,1323,35024,2007
League Average,43,28.8,4.65,162,6254,5557,753,1466,300,30,163,718,93,34,545,1096,.264,.333,.416,.749,97,2313,129,56,51,46,44,1166
,1291,28.8,4.65,4856,187631,166714,22585,43972,9014,886,4878,21541,2799,1035,16337,32884,.264,.333,.416,.749,97,69392,3883,1672,1526,1365,1310,34973,2008
League Average,42,28.9,4.61,162,6236,5528,747,1451,291,32,168,712,99,38,554,1120,.262,.333,.418,.751,97,2310,127,53,54,46,39,1161
,1266,28.9,4.61,4860,187079,165849,22419,43524,8737,949,5042,21364,2970,1133,16620,33591,.262,.333,.418,.751,97,69285,3796,1590,1635,1366,1179,34842,2009
League Average,42,28.9,4.38,162,6185,5512,710,1418,283,29,154,676,99,38,526,1144,.257,.325,.403,.728,97,2220,124,52,51,43,41,1144
,1249,28.9,4.38,4860,185553,165353,21308,42554,8486,866,4613,20288,2959,1129,15778,34306,.257,.325,.403,.728,97,66611,3719,1549,1544,1301,1216,34329,2010
League Average,43,28.7,4.28,162,6175,5524,694,1409,280,30,152,660,109,42,501,1150,.255,.321,.399,.720,97,2204,117,52,56,42,41,1128
,1295,28.7,4.28,4858,185245,165705,20808,42267,8399,898,4552,19804,3279,1261,15018,34488,.255,.321,.399,.720,97,66118,3523,1554,1667,1274,1231,33855,2011
League Average,43,28.5,4.32,162,6139,5508,701,1402,275,31,164,667,108,38,490,1214,.255,.319,.405,.724,97,2233,120,50,49,41,35,1103
,1284,28.5,4.32,4860,184180,165251,21017,42063,8261,927,4934,19998,3229,1136,14709,36426,.255,.319,.405,.724,97,66980,3614,1494,1479,1223,1055,33094,2012
League Average,43,28.5,4.17,162,6162,5536,675,1403,274,26,155,642,90,34,488,1224,.253,.318,.396,.714,97,2195,124,51,46,41,34,1122
,1304,28.5,4.17,4862,184873,166070,20255,42093,8222,772,4661,19271,2693,1007,14640,36710,.253,.318,.396,.714,97,65842,3732,1536,1383,1219,1018,33658,2013
League Average,44,28.5,4.07,162,6131,5520,659,1386,271,28,140,625,92,34,467,1248,.251,.314,.386,.700,97,2133,120,55,45,43,33,1111
,1320,28.5,4.07,4860,183929,165614,19761,41595,8137,849,4186,18745,2764,1035,14020,37441,.251,.314,.386,.700,97,63988,3609,1652,1343,1277,985,33327,2014
League Average,45,28.4,4.25,162,6121,5516,688,1404,275,31,164,655,84,35,469,1248,.254,.317,.405,.721,97,2232,125,53,40,41,32,1092
,1348,28.4,4.25,4858,183628,165488,20647,42106,8242,939,4909,19650,2505,1064,14073,37446,.254,.317,.405,.721,97,66953,3739,1602,1200,1232,951,32758,2015
League Average,45,28.4,4.48,162,6153,5519,725,1409,275,29,187,692,85,33,503,1299,.255,.322,.417,.739,97,2304,124,55,34,40,31,1097
,1353,28.4,4.48,4856,184580,165561,21744,42276,8254,873,5610,20745,2537,1001,15088,38982,.255,.322,.417,.739,97,69106,3719,1651,1025,1214,932,32916,2016
League Average,45,28.3,4.65,162,6176,5519,753,1407,280,26,204,719,84,31,528,1337,.255,.324,.426,.750,97,2351,127,59,31,39,32,1098
,1358,28.3,4.65,4860,185295,165567,22582,42215,8397,795,6105,21558,2527,934,15829,40104,.255,.324,.426,.750,97,70517,3804,1763,925,1168,970,32942,2017
League Average,46,28.1,4.45,162,6171,5514,721,1367,275,28,186,687,82,32,523,1374,.248,.318,.409,.728,97,2258,115,64,27,41,31,1101
,1379,28.1,4.45,4862,185139,165432,21630,41018,8264,847,5585,20606,2474,958,15686,41207,.248,.318,.409,.728,97,67731,3457,1922,823,1235,929,33042,2018
League Average,47,27.9,4.83,162,6217,5555,782,1401,284,26,226,749,76,28,530,1427,.252,.323,.435,.758,97,2416,115,66,26,38,25,1093
,1410,27.9,4.83,4858,186517,166651,23467,42039,8531,785,6776,22471,2280,832,15895,42823,.252,.323,.435,.758,97,72468,3463,1984,776,1150,753,32780,2019
League Average,43,28.0,4.65,60,2217,1968,278,481,94,8,77,266,30,10,203,520,.245,.322,.418,.740,100,822,41,27,4,13,7,399
,1289,28.0,4.65,1796,66506,59030,8344,14439,2823,241,2304,7978,885,292,6092,15586,.245,.322,.418,.740,100,24656,1237,821,126,402,202,11974,2020





