Tm	Fld	RA/G	DefEff	G	GS	CG	Inn	Ch	PO	A	E	DP	Fld%	Rtot	PLAYOFFS	YEAR
Arizona Diamondbacks	57	4.57	0.704	162	1458	1097	12870	5746	4290	1370	86	134	0.985	27	1	2022
Atlanta Braves	53	3.76	0.701	162	1458	1195	13032	5803	4344	1382	77	110	0.987	18	0	2022
Baltimore Orioles	57	4.25	0.69	162	1458	1121	12900	5920	4300	1529	91	151	0.985	8	1	2022
Boston Red Sox	53	4.86	0.683	162	1458	1105	12879	5825	4293	1447	85	134	0.985	0	1	2022
Chicago Cubs	64	4.51	0.697	162	1458	1086	12993	5880	4331	1453	96	139	0.984	0	0	2022
Chicago White Sox	44	4.43	0.688	162	1458	1093	13029	5738	4343	1293	102	122	0.982	-67	1	2022
Cincinnati Reds	65	5.03	0.689	162	1458	1095	12810	5647	4270	1296	81	115	0.986	-24	1	2022
Cleveland Guardians	50	3.91	0.709	162	1458	1131	13104	5908	4368	1443	97	127	0.984	51	0	2022
Colorado Rockies	43	5.39	0.673	162	1458	1128	12828	5968	4276	1592	100	154	0.983	-49	1	2022
Detroit Tigers	52	4.4	0.701	162	1458	1157	12777	5757	4259	1404	94	137	0.984	7	0	2022
Houston Astros	44	3.2	0.719	162	1458	1140	13008	5698	4336	1290	72	122	0.987	44	1	2022
Kansas City Royals	55	5	0.675	162	1458	1109	12744	5829	4248	1499	82	153	0.986	-21	1	2022
Los Angeles Angels	66	4.12	0.709	162	1458	1004	12921	5773	4307	1382	84	134	0.985	29	0	2022
Los Angeles Dodgers	51	3.17	0.729	162	1458	1135	13062	5788	4354	1351	83	120	0.986	74	0	2022
Miami Marlins	56	4.17	0.694	162	1458	1077	12936	5841	4312	1460	69	143	0.988	14	0	2022
Milwaukee Brewers	51	4.25	0.704	162	1458	1110	13014	5848	4338	1419	91	122	0.984	1	1	2022
Minnesota Twins	61	4.22	0.702	162	1458	1061	12933	5701	4311	1307	83	121	0.985	18	0	2022
New York Mets	59	3.74	0.692	162	1458	1103	12948	5742	4316	1359	67	128	0.988	-34	0	2022
New York Yankees	54	3.5	0.72	162	1458	1092	13065	5902	4355	1473	74	102	0.987	70	1	2022
Oakland Athletics	64	4.75	0.697	162	1458	1036	12837	5837	4279	1466	92	139	0.984	-45	0	2022
Philadelphia Phillies	56	4.23	0.687	162	1458	1104	12855	5770	4285	1416	69	129	0.988	-37	0	2022
Pittsburgh Pirates	68	5.04	0.677	162	1458	1060	12789	5891	4263	1507	121	152	0.979	-53	1	2022
San Diego Padres	55	4.07	0.705	162	1458	1081	12990	5768	4330	1362	76	116	0.987	-7	0	2022
Seattle Mariners	59	3.85	0.71	162	1458	1088	13023	5727	4341	1317	69	114	0.988	18	0	2022
San Francisco Giants	65	4.3	0.674	162	1458	870	12897	5945	4299	1546	100	130	0.983	-52	0	2022
St. Louis Cardinals	51	3.93	0.702	162	1458	1041	12921	6074	4307	1701	66	181	0.989	41	0	2022
Tampa Bay Rays	61	3.79	0.708	162	1458	1067	12921	5777	4307	1386	84	110	0.985	8	0	2022
Texas Rangers	55	4.59	0.693	162	1458	1137	12915	5929	4305	1528	96	143	0.984	-1	1	2022
Toronto Blue Jays	51	4.19	0.691	162	1458	1065	12972	5754	4324	1348	82	120	0.986	6	0	2022
Washington Nationals	54	5.28	0.687	162	1458	1163	12705	5749	4235	1410	104	126	0.982	-49	0	2022
Arizona Diamondbacks	64	5.51	0.685	162	1458	1030	12756	5726	4252	1374	100	113	0.983	-20	0	2021
Atlanta Braves	55	4.07	0.708	161	1449	1126	12696	5786	4232	1483	71	104	0.988	58	0	2021
Baltimore Orioles	62	5.9	0.683	162	1458	1093	12618	5639	4206	1359	74	101	0.987	-44	1	2021
Boston Red Sox	56	4.62	0.659	162	1458	1104	12771	5786	4257	1421	108	143	0.981	-68	1	2021
Chicago Cubs	68	5.18	0.691	162	1458	1039	12714	5879	4238	1554	87	149	0.985	-24	1	2021
Chicago White Sox	47	3.93	0.694	162	1458	1117	12630	5517	4210	1210	97	112	0.982	-48	0	2021
Cincinnati Reds	55	4.69	0.688	162	1458	1052	12909	5816	4303	1422	91	125	0.984	-26	0	2021
Cleveland Indians	48	4.49	0.703	162	1458	1149	12672	5710	4224	1400	86	138	0.985	32	0	2021
Colorado Rockies	45	4.94	0.686	161	1449	1094	12573	5780	4191	1516	73	140	0.987	20	0	2021
Detroit Tigers	49	4.67	0.698	162	1458	1145	12777	5834	4259	1492	83	136	0.986	-22	0	2021
Houston Astros	51	4.06	0.713	162	1458	1153	13005	5836	4335	1432	69	126	0.988	53	1	2021
Kansas City Royals	47	4.86	0.685	162	1458	1114	12756	5758	4252	1422	84	152	0.985	21	0	2021
Los Angeles Angels	64	4.96	0.68	162	1458	1108	12795	5772	4265	1419	88	131	0.985	-30	0	2021
Los Angeles Dodgers	61	3.46	0.723	162	1458	1021	13068	5748	4356	1303	89	94	0.985	34	1	2021
Miami Marlins	61	4.33	0.689	162	1458	1107	12735	5810	4245	1443	122	146	0.979	4	0	2021
Milwaukee Brewers	59	3.85	0.708	162	1458	1041	12923	5732	4308	1330	94	102	0.984	36	1	2021
Minnesota Twins	56	5.15	0.692	162	1458	1066	12774	5785	4258	1420	107	139	0.982	-16	0	2021
New York Mets	63	4.12	0.697	162	1458	1069	12400.2	5543	4138	1311	94	121	0.983	16	0	2021
New York Yankees	58	4.13	0.698	162	1458	1044	12914.2	5721	4306	1317	98	115	0.983	-37	1	2021
Oakland Athletics	50	4.24	0.698	162	1458	1101	12897	5691	4299	1320	72	116	0.987	-9	0	2021
Philadelphia Phillies	55	4.6	0.687	162	1458	1053	12768	5789	4256	1439	94	142	0.984	-52	0	2021
Pittsburgh Pirates	64	5.14	0.687	162	1458	1129	12567	5637	4189	1378	70	139	0.988	-26	0	2021
San Diego Padres	54	4.37	0.698	162	1458	1119	12870	5771	4290	1399	82	139	0.986	-12	0	2021
Seattle Mariners	62	4.62	0.699	162	1458	1166	12963	5784	4321	1384	79	135	0.986	-5	1	2021
San Francisco Giants	54	3.67	0.707	162	1458	913	13095	5916	4365	1471	80	122	0.986	40	0	2021
St. Louis Cardinals	51	4.15	0.714	162	1458	1147	12753	5848	4251	1513	84	137	0.986	47	1	2021
Tampa Bay Rays	61	4.02	0.706	162	1458	1038	13101	5805	4367	1358	80	130	0.986	35	0	2021
Texas Rangers	54	5.03	0.698	162	1458	1199	12819	5818	4273	1462	83	146	0.986	56	1	2021
Toronto Blue Jays	60	4.09	0.7	162	1458	1047	12639.1	5676	4216	1370	90	122	0.984	5	0	2021
Washington Nationals	59	5.06	0.694	162	1458	1168	12549	5641	4184	1361	96	116	0.983	-32	0	2021
Arizona Diamondbacks	45	4.92	0.689	60	540	430	4665	2064	1555	474	35	54	0.983	4	1	2020
Atlanta Braves	48	4.8	0.692	60	540	400	4719	2140	1573	533	34	52	0.984	-6	0	2020
Baltimore Orioles	45	4.9	0.698	60	540	379	4668	2110	1556	511	43	42	0.98	22	1	2020
Boston Red Sox	47	5.85	0.647	60	540	415	4716	2139	1572	522	45	59	0.979	-25	1	2020
Chicago Cubs	45	4	0.708	60	540	356	4665	2144	1555	559	30	46	0.986	32	0	2020
Chicago White Sox	46	4.1	0.712	60	540	433	4743	2137	1581	517	39	48	0.982	22	0	2020
Cincinnati Reds	43	4.05	0.707	60	540	395	4536	1981	1512	442	27	36	0.986	-6	1	2020
Cleveland Indians	39	3.48	0.701	60	540	407	4824	2138	1608	500	30	46	0.986	18	0	2020
Colorado Rockies	40	5.88	0.675	60	540	385	4737	2255	1579	633	43	78	0.981	7	0	2020
Detroit Tigers	44	5.48	0.69	58	522	389	4431	2008	1477	502	29	46	0.986	-2	1	2020
Houston Astros	42	4.58	0.703	60	540	431	4716	2138	1572	546	20	48	0.991	12	1	2020
Kansas City Royals	48	4.53	0.683	60	540	381	4653	2085	1551	503	31	62	0.985	2	0	2020
Los Angeles Angels	45	5.35	0.698	60	540	425	4728	2097	1576	485	36	36	0.983	-18	1	2020
Los Angeles Dodgers	38	3.55	0.729	60	540	404	4848	2200	1616	544	40	46	0.982	35	1	2020
Miami Marlins	61	5.07	0.686	60	540	374	4536	2101	1512	549	40	60	0.981	-13	1	2020
Milwaukee Brewers	43	4.4	0.687	60	540	371	4656	2081	1552	494	35	45	0.983	-13	1	2020
Minnesota Twins	42	3.58	0.703	60	540	416	4620	2019	1540	459	20	39	0.99	13	0	2020
New York Mets	46	5.13	0.668	60	540	369	4620	2066	1540	494	32	39	0.985	-33	0	2020
New York Yankees	42	4.5	0.695	60	540	384	4506	2022	1502	472	48	37	0.976	0	1	2020
Oakland Athletics	37	3.87	0.703	60	540	414	4638	2061	1546	489	26	33	0.987	3	0	2020
Philadelphia Phillies	46	5.18	0.642	60	540	395	4473	2063	1491	536	36	57	0.983	-38	0	2020
Pittsburgh Pirates	49	4.97	0.697	60	540	428	4617	2097	1539	511	47	53	0.978	3	1	2020
San Diego Padres	46	4.02	0.695	60	540	408	4683	2096	1561	502	33	46	0.984	9	1	2020
Seattle Mariners	48	5.05	0.708	60	540	425	4650	2075	1550	502	23	48	0.989	-2	1	2020
San Francisco Giants	44	4.95	0.699	60	540	373	4659	2086	1553	491	42	43	0.98	7	1	2020
St. Louis Cardinals	44	3.95	0.731	58	522	374	4257	1941	1419	489	33	46	0.983	26	0	2020
Tampa Bay Rays	43	3.82	0.693	60	540	355	4749	2157	1583	541	33	52	0.985	10	0	2020
Texas Rangers	49	5.2	0.704	60	540	430	4650	2057	1550	467	40	40	0.981	5	1	2020
Toronto Blue Jays	48	5.2	0.681	60	540	396	4722	2143	1574	530	39	47	0.982	4	0	2020
Washington Nationals	43	5.02	0.664	60	540	435	4533	2012	1511	462	39	48	0.981	-22	1	2020
Arizona Diamondbacks	44	4.59	0.692	162	1458	1005	13185	6042	4395	1561	86	136	0.986	52	0	2019
Atlanta Braves	50	4.59	0.685	162	1458	1127	13056	5952	4352	1522	78	154	0.987	5	0	2019
Baltimore Orioles	57	6.06	0.688	162	1458	989	12987	5879	4329	1442	108	155	0.982	3	1	2019
Boston Red Sox	47	5.11	0.673	162	1458	1106	13239	5937	4413	1436	88	115	0.985	-15	1	2019
Chicago Cubs	52	4.43	0.681	162	1458	969	12978	6063	4326	1619	118	141	0.981	12	0	2019
Chicago White Sox	47	5.17	0.678	161	1449	1132	12714	5880	4238	1525	117	171	0.98	-21	0	2019
Cincinnati Reds	47	4.39	0.699	162	1458	972	12942	5865	4314	1460	91	124	0.984	25	0	2019
Cleveland Indians	53	4.06	0.695	162	1458	1139	12939	5718	4313	1322	83	110	0.985	49	0	2019
Colorado Rockies	50	5.91	0.677	162	1458	1112	13038	6201	4346	1758	97	165	0.984	6	0	2019
Detroit Tigers	53	5.68	0.666	161	1449	1214	12897	5861	4299	1452	110	127	0.981	-103	1	2019
Houston Astros	45	3.95	0.717	162	1458	1043	13161	5811	4387	1353	71	96	0.988	53	1	2019
Kansas City Royals	51	5.36	0.678	162	1458	1165	12825	5853	4275	1505	73	152	0.988	-5	0	2019
Los Angeles Angels	56	5.36	0.695	162	1458	1080	12983.2	5889	4328	1469	92	118	0.984	5	1	2019
Los Angeles Dodgers	45	3.78	0.71	162	1458	977	13011	5871	4337	1428	106	117	0.982	48	1	2019
Miami Marlins	50	4.99	0.703	162	1458	1058	12999	5791	4333	1364	94	135	0.984	-4	0	2019
Milwaukee Brewers	49	4.73	0.691	162	1458	1013	13134	5870	4378	1395	97	135	0.983	7	1	2019
Minnesota Twins	49	4.65	0.673	162	1458	1105	13170	5906	4390	1405	111	130	0.981	-22	0	2019
New York Mets	52	4.55	0.679	162	1458	933	13149	5917	4383	1435	99	129	0.983	-44	0	2019
New York Yankees	54	4.56	0.686	162	1458	1132	12987	5778	4329	1347	102	135	0.982	7	1	2019
Oakland Athletics	49	4.2	0.71	162	1458	1124	13185	5939	4395	1464	80	122	0.987	41	0	2019
Philadelphia Phillies	53	4.9	0.687	162	1458	1122	13083	6010	4361	1552	97	136	0.984	16	0	2019
Pittsburgh Pirates	54	5.62	0.666	162	1458	1068	12960	5934	4320	1493	121	130	0.98	-70	0	2019
San Diego Padres	54	4.87	0.68	162	1458	1041	12888	5798	4296	1386	116	100	0.98	-42	0	2019
Seattle Mariners	67	5.51	0.688	162	1458	1123	12954	5940	4318	1490	132	145	0.978	-9	0	2019
San Francisco Giants	63	4.77	0.699	162	1458	1079	13221	6033	4407	1536	90	142	0.985	14	0	2019
St. Louis Cardinals	42	4.09	0.706	162	1458	1051	12996	5976	4332	1578	66	168	0.989	37	0	2019
Tampa Bay Rays	57	4.05	0.695	162	1458	1076	13269	5924	4423	1414	87	126	0.985	28	0	2019
Texas Rangers	53	5.42	0.671	162	1458	1170	12942	5783	4314	1364	105	143	0.982	-34	1	2019
Toronto Blue Jays	61	5.11	0.685	162	1458	1153	12963	5920	4321	1503	96	141	0.984	-8	0	2019
Washington Nationals	50	4.47	0.689	162	1458	1171	12954	5779	4318	1374	87	111	0.985	6	0	2019
Arizona Diamondbacks	49	3.98	0.698	162	1458	1119	13167	6150	4389	1686	75	152	0.988	28	0	2018
Atlanta Braves	57	4.06	0.709	162	1458	1166	13110	5889	4370	1439	80	134	0.986	42	0	2018
Baltimore Orioles	56	5.51	0.674	162	1458	1112	12879	5934	4293	1537	104	159	0.982	-47	0	2018
Boston Red Sox	43	3.99	0.693	162	1458	1127	13128	5819	4376	1366	77	106	0.987	29	0	2018
Chicago Cubs	50	3.96	0.7	163	1467	933	13287	6208	4429	1675	104	155	0.983	76	0	2018
Chicago White Sox	51	5.23	0.69	162	1458	1156	12933	5856	4311	1431	114	135	0.981	-49	0	2018
Cincinnati Reds	53	5.06	0.685	162	1458	1084	12969	6026	4323	1608	95	144	0.984	-29	0	2018
Cleveland Indians	48	4	0.688	162	1458	1064	13116	5808	4372	1353	83	123	0.986	-13	0	2018
Colorado Rockies	41	4.57	0.688	163	1467	1140	13071	6055	4357	1624	74	162	0.988	36	0	2018
Detroit Tigers	49	4.91	0.694	162	1458	1205	12828	5799	4276	1428	95	126	0.984	1	1	2018
Houston Astros	41	3.3	0.705	162	1458	1014	13095	5797	4365	1369	63	116	0.989	36	1	2018
Kansas City Royals	49	5.14	0.68	162	1458	1234	12888	5902	4296	1529	77	142	0.987	-22	0	2018
Los Angeles Angels	60	4.46	0.693	162	1458	1083	12936	5890	4312	1502	76	173	0.987	26	0	2018
Los Angeles Dodgers	52	3.74	0.698	163	1467	910	13284	5963	4428	1435	100	111	0.983	11	1	2018
Miami Marlins	51	5.02	0.697	161	1449	980	12978	5857	4326	1448	83	133	0.986	2	0	2018
Milwaukee Brewers	53	4.04	0.704	163	1467	959	13149	5944	4383	1453	108	141	0.982	57	1	2018
Minnesota Twins	54	4.78	0.682	162	1458	1137	12990	5881	4330	1454	97	127	0.984	-29	0	2018
New York Mets	56	4.36	0.691	162	1458	1136	13146	5876	4382	1406	88	121	0.985	-42	0	2018
New York Yankees	49	4.13	0.684	162	1458	1155	13107	5807	4369	1344	94	95	0.984	-54	1	2018
Oakland Athletics	53	4.16	0.717	162	1458	1116	13191	6080	4397	1594	89	125	0.985	49	0	2018
Philadelphia Phillies	48	4.49	0.677	162	1458	1092	13011	5938	4337	1478	123	138	0.979	-54	1	2018
Pittsburgh Pirates	47	4.3	0.686	161	1449	1136	12906	5884	4302	1477	105	129	0.982	-15	1	2018
San Diego Padres	49	4.73	0.68	162	1458	1092	13113	6010	4371	1539	100	127	0.983	-35	0	2018
Seattle Mariners	53	4.39	0.691	162	1458	1099	13038	5920	4346	1486	88	152	0.985	13	0	2018
San Francisco Giants	48	4.31	0.692	162	1458	1111	13152	6086	4384	1605	97	160	0.984	5	1	2018
St. Louis Cardinals	49	4.27	0.685	162	1458	1031	13098	6039	4366	1540	133	151	0.978	-16	1	2018
Tampa Bay Rays	54	3.99	0.708	162	1458	1101	13035	5913	4345	1483	85	136	0.986	50	0	2018
Texas Rangers	50	5.23	0.682	162	1458	1149	12879	5971	4293	1558	120	168	0.98	18	1	2018
Toronto Blue Jays	63	5.14	0.678	162	1458	1116	12903	5849	4301	1447	101	138	0.983	-59	0	2018
Washington Nationals	53	4.21	0.703	162	1458	1077	13014	5765	4338	1363	64	115	0.989	-4	1	2018
Arizona Diamondbacks	45	4.07	0.687	162	1458	1090	12969	6035	4323	1604	108	140	0.982	-3	0	2017
Atlanta Braves	48	5.07	0.683	162	1458	1146	12972	5999	4324	1578	97	137	0.984	-27	0	2017
Baltimore Orioles	50	5.19	0.683	162	1458	1083	12969	6026	4323	1609	94	175	0.984	-5	0	2017
Boston Red Sox	49	4.12	0.68	162	1458	1162	13341	5944	4447	1390	107	126	0.982	10	0	2017
Chicago Cubs	47	4.29	0.699	162	1458	921	13026	6093	4342	1656	95	139	0.984	34	0	2017
Chicago White Sox	51	5.06	0.7	162	1458	1184	12795	5920	4265	1541	114	157	0.981	16	0	2017
Cincinnati Reds	47	5.36	0.691	162	1458	1154	12870	5994	4290	1623	81	132	0.986	-14	0	2017
Cleveland Indians	41	3.48	0.683	162	1458	1072	12966	5845	4322	1447	76	167	0.987	42	0	2017
Colorado Rockies	41	4.67	0.683	162	1458	1142	12939	6120	4313	1730	77	168	0.987	19	0	2017
Detroit Tigers	48	5.52	0.668	162	1458	1119	12783	5734	4261	1389	84	146	0.985	-51	0	2017
Houston Astros	46	4.32	0.682	162	1458	1044	13014	5963	4338	1526	99	153	0.983	-15	1	2017
Kansas City Royals	49	4.88	0.685	162	1458	1126	12939	5916	4313	1524	79	145	0.987	-24	0	2017
Los Angeles Angels	55	4.38	0.7	162	1458	1125	12966	5864	4322	1462	80	135	0.986	43	1	2017
Los Angeles Dodgers	52	3.58	0.703	162	1458	1026	13002	5789	4334	1367	88	131	0.985	24	0	2017
Miami Marlins	43	5.07	0.691	162	1458	1165	12984	5955	4328	1554	73	156	0.988	-1	0	2017
Milwaukee Brewers	50	4.3	0.684	162	1458	1035	13011	6076	4337	1624	115	164	0.981	7	1	2017
Minnesota Twins	52	4.86	0.692	162	1458	1130	12924	5863	4308	1477	78	143	0.987	37	0	2017
New York Mets	51	5.33	0.667	162	1458	1125	12912	5852	4304	1456	92	125	0.984	-63	0	2017
New York Yankees	51	4.07	0.703	162	1458	1131	13038	5909	4346	1468	95	102	0.984	29	1	2017
Oakland Athletics	54	5.1	0.686	162	1458	1111	12879	6011	4293	1597	121	162	0.98	-34	0	2017
Philadelphia Phillies	51	4.83	0.683	162	1458	1132	12969	5902	4323	1497	82	145	0.986	-33	1	2017
Pittsburgh Pirates	46	4.51	0.679	162	1458	1074	12966	6083	4322	1662	99	156	0.984	-29	1	2017
San Diego Padres	52	5.04	0.683	162	1458	1080	12876	6028	4292	1623	113	177	0.981	-2	0	2017
Seattle Mariners	61	4.77	0.7	162	1458	1154	12963	5846	4321	1422	103	147	0.982	17	0	2017
San Francisco Giants	49	4.79	0.679	162	1458	1081	13068	5965	4356	1522	87	127	0.985	-23	1	2017
St. Louis Cardinals	47	4.35	0.687	162	1458	1100	13053	6039	4351	1594	94	164	0.984	17	1	2017
Tampa Bay Rays	53	4.35	0.701	162	1458	1129	13005	5868	4335	1433	100	129	0.983	18	0	2017
Texas Rangers	51	5.04	0.695	162	1458	1131	12909	6027	4303	1616	108	173	0.982	50	0	2017
Toronto Blue Jays	60	4.84	0.682	162	1458	1073	13185	6057	4395	1570	92	145	0.985	-35	1	2017
Washington Nationals	49	4.15	0.698	162	1458	1118	13020	5860	4340	1434	86	139	0.985	8	1	2017
Arizona Diamondbacks	50	5.49	0.665	162	1458	1105	13062	6118	4354	1663	101	143	0.983	-31	1	2016
Atlanta Braves	59	4.84	0.692	161	1449	1164	13029	6009	4343	1565	101	134	0.983	9	1	2016
Baltimore Orioles	46	4.41	0.688	162	1458	1108	12888	5955	4296	1579	80	165	0.987	-12	0	2016
Boston Red Sox	50	4.28	0.695	162	1458	1143	12957	5821	4319	1427	75	139	0.987	22	0	2016
Chicago Cubs	45	3.43	0.728	162	1458	1017	13137	6115	4379	1635	101	116	0.983	95	1	2016
Chicago White Sox	48	4.41	0.687	162	1458	1223	13020	5971	4340	1536	95	148	0.984	2	0	2016
Cincinnati Reds	52	5.27	0.694	162	1458	1151	12978	5977	4326	1549	102	142	0.983	10	0	2016
Cleveland Indians	48	4.2	0.696	161	1449	1032	13005	6032	4335	1608	89	126	0.985	68	0	2016
Colorado Rockies	47	5.31	0.667	162	1458	1125	12864	6147	4288	1749	110	148	0.982	5	0	2016
Detroit Tigers	44	4.48	0.689	161	1449	1125	12852	5896	4284	1537	75	148	0.987	-40	0	2016
Houston Astros	43	4.33	0.681	162	1458	1102	13212	6080	4404	1599	77	135	0.987	-13	0	2016
Kansas City Royals	42	4.4	0.687	162	1458	1188	12960	5940	4320	1526	94	134	0.984	7	1	2016
Los Angeles Angels	53	4.49	0.685	162	1458	1058	12792	5844	4264	1483	97	148	0.983	-22	0	2016
Los Angeles Dodgers	55	3.94	0.699	162	1458	1060	13077	5887	4359	1448	80	101	0.986	21	0	2016
Miami Marlins	52	4.24	0.683	161	1449	1056	12915	5897	4305	1506	86	137	0.985	-7	0	2016
Milwaukee Brewers	49	4.52	0.68	162	1458	1117	12909	6110	4303	1671	136	145	0.978	3	1	2016
Minnesota Twins	49	5.49	0.662	162	1458	1192	12987	6065	4329	1610	126	172	0.979	-75	0	2016
New York Mets	46	3.81	0.678	162	1458	1052	13023	5950	4341	1519	90	138	0.985	-18	0	2016
New York Yankees	53	4.33	0.694	162	1458	1109	12855	5907	4285	1536	86	116	0.985	4	0	2016
Oakland Athletics	49	4.7	0.685	162	1458	1122	12900	6027	4300	1630	97	152	0.984	-54	0	2016
Philadelphia Phillies	49	4.91	0.681	162	1458	1094	12933	5911	4311	1503	97	142	0.984	17	0	2016
Pittsburgh Pirates	54	4.68	0.676	162	1458	1037	13056	6208	4352	1745	111	172	0.982	-18	1	2016
San Diego Padres	58	4.75	0.687	162	1458	1107	12960	6052	4320	1623	109	165	0.982	-15	0	2016
Seattle Mariners	54	4.36	0.694	162	1458	1092	13113	6035	4371	1575	89	158	0.985	5	0	2016
San Francisco Giants	45	3.9	0.702	162	1458	1135	13143	6092	4381	1639	72	136	0.988	44	1	2016
St. Louis Cardinals	40	4.4	0.679	162	1458	996	13035	6199	4345	1747	107	169	0.983	-23	1	2016
Tampa Bay Rays	48	4.4	0.687	162	1458	1156	12837	5783	4279	1410	94	129	0.984	-37	1	2016
Texas Rangers	52	4.67	0.692	162	1458	1105	12987	6081	4329	1655	97	190	0.984	47	0	2016
Toronto Blue Jays	49	4.11	0.703	162	1458	1087	13134	6088	4378	1622	88	144	0.986	11	0	2016
Washington Nationals	42	3.78	0.7	162	1458	1147	13137	5877	4379	1425	73	142	0.988	49	0	2016
Arizona Diamondbacks	50	4.4	0.693	162	1458	1107	13200	6183	4400	1697	86	146	0.986	38	1	2015
Atlanta Braves	60	4.69	0.681	162	1458	1139	12828	5959	4276	1593	90	186	0.985	-16	1	2015
Baltimore Orioles	48	4.28	0.691	162	1458	1133	12912	5978	4304	1597	77	134	0.987	-8	0	2015
Boston Red Sox	50	4.65	0.68	162	1458	1138	13035	6067	4345	1625	97	148	0.984	-16	1	2015
Chicago Cubs	50	3.75	0.695	162	1458	1053	13152	6164	4384	1669	111	120	0.982	1	0	2015
Chicago White Sox	40	4.33	0.673	162	1458	1151	13074	6041	4358	1582	101	159	0.983	-39	0	2015
Cincinnati Reds	49	4.65	0.689	162	1458	1173	13080	6072	4360	1622	90	131	0.985	0	0	2015
Cleveland Indians	49	3.98	0.699	161	1449	1152	12894	5905	4298	1528	79	136	0.987	42	1	2015
Colorado Rockies	51	5.21	0.668	162	1458	1107	12837	6192	4279	1818	95	171	0.985	-6	0	2015
Detroit Tigers	47	4.99	0.69	161	1449	1103	13023	6048	4341	1621	86	165	0.986	-12	0	2015
Houston Astros	46	3.81	0.701	162	1458	1094	12969	6025	4323	1617	85	131	0.986	14	1	2015
Kansas City Royals	45	3.96	0.701	162	1458	1172	13068	6055	4356	1611	88	138	0.985	17	1	2015
Los Angeles Angels of Anaheim	51	4.17	0.701	162	1458	1058	12966	5906	4322	1491	93	108	0.984	13	0	2015
Los Angeles Dodgers	55	3.67	0.692	162	1458	1084	13011	6139	4337	1727	75	133	0.988	24	0	2015
Miami Marlins	51	4.19	0.694	162	1458	1152	12843	5946	4281	1588	77	162	0.987	9	0	2015
Milwaukee Brewers	49	4.55	0.679	162	1458	1081	12915	6099	4305	1678	116	164	0.981	2	1	2015
Minnesota Twins	44	4.32	0.687	162	1458	1151	12987	6052	4329	1637	86	150	0.986	-14	0	2015
New York Mets	49	3.78	0.697	162	1458	1095	13164	6075	4388	1599	88	131	0.986	-1	1	2015
New York Yankees	55	4.31	0.685	162	1458	1037	13119	6060	4373	1594	93	135	0.985	-29	1	2015
Oakland Athletics	52	4.5	0.691	162	1458	1105	13002	6102	4334	1642	126	154	0.979	-23	0	2015
Philadelphia Phillies	50	4.99	0.667	162	1458	1117	12927	6011	4309	1585	117	145	0.981	-61	0	2015
Pittsburgh Pirates	44	3.68	0.679	162	1458	994	13407	6459	4469	1868	122	177	0.981	-11	0	2015
San Diego Padres	46	4.51	0.683	162	1458	1070	12963	5979	4321	1566	92	138	0.985	-20	0	2015
Seattle Mariners	51	4.48	0.688	162	1458	1059	13167	6168	4389	1685	94	155	0.985	-31	0	2015
San Francisco Giants	48	3.87	0.706	162	1458	1155	12999	6085	4333	1674	78	145	0.987	41	1	2015
St. Louis Cardinals	45	3.24	0.688	162	1458	1014	13182	6107	4394	1617	96	159	0.984	-10	0	2015
Tampa Bay Rays	51	3.96	0.701	162	1458	1027	13080	5863	4360	1408	95	118	0.984	12	0	2015
Texas Rangers	57	4.52	0.687	162	1458	1094	12984	6142	4328	1695	119	169	0.981	43	0	2015
Toronto Blue Jays	52	4.14	0.708	162	1458	1117	12969	6003	4323	1592	88	145	0.985	57	0	2015
Washington Nationals	44	3.92	0.685	162	1458	1166	12912	5927	4304	1533	90	125	0.985	4	1	2015
Arizona Diamondbacks	52	4.58	0.673	162	1458	1209	12999	6079	4333	1645	101	147	0.983	0	0	2014
Atlanta Braves	39	3.69	0.687	162	1458	1191	13095	5977	4365	1527	85	143	0.986	26	0	2014
Baltimore Orioles	43	3.66	0.706	162	1458	1124	13152	6075	4384	1604	87	156	0.986	42	0	2014
Boston Red Sox	55	4.41	0.685	162	1458	1136	13191	6099	4397	1610	92	155	0.985	6	1	2014
Chicago Cubs	48	4.36	0.68	162	1458	1120	13170	6161	4390	1668	103	137	0.983	-14	1	2014
Chicago White Sox	44	4.68	0.678	162	1458	1144	12969	6112	4323	1682	107	170	0.982	-59	0	2014
Cincinnati Reds	45	3.78	0.712	162	1458	1145	13014	5998	4338	1588	72	120	0.988	67	0	2014
Cleveland Indians	45	4.03	0.673	162	1458	1153	13215	6120	4405	1599	116	139	0.981	-45	1	2014
Colorado Rockies	49	5.05	0.678	162	1458	1109	12879	6207	4293	1808	106	166	0.983	39	0	2014
Detroit Tigers	48	4.35	0.673	162	1458	1079	13086	6001	4362	1538	101	153	0.983	-87	1	2014
Houston Astros	48	4.46	0.685	162	1458	1167	12948	6126	4316	1704	106	151	0.983	-45	0	2014
Kansas City Royals	48	3.85	0.693	162	1458	1127	13056	5968	4352	1512	104	122	0.983	31	0	2014
Los Angeles Angels of Anaheim	54	3.89	0.703	162	1458	1061	13344	6013	4448	1482	83	127	0.986	2	0	2014
Los Angeles Dodgers	49	3.81	0.69	162	1458	1074	13182	6208	4394	1707	107	145	0.983	6	0	2014
Miami Marlins	44	4.16	0.675	162	1458	1168	13119	6170	4373	1700	97	154	0.984	-18	0	2014
Milwaukee Brewers	40	4.06	0.696	162	1458	1110	13119	6074	4373	1602	99	130	0.984	13	1	2014
Minnesota Twins	48	4.8	0.672	162	1458	1155	12915	5981	4305	1579	97	136	0.984	-58	1	2014
New York Mets	45	3.81	0.688	162	1458	1137	13173	6112	4391	1617	104	158	0.983	-12	1	2014
New York Yankees	58	4.1	0.687	162	1458	1120	13077	5925	4359	1474	92	107	0.984	-14	0	2014
Oakland Athletics	43	3.53	0.71	162	1458	1048	13170	6135	4390	1634	111	150	0.982	20	1	2014
Philadelphia Phillies	49	4.24	0.693	162	1458	1154	13215	6161	4405	1673	83	133	0.987	-7	0	2014
Pittsburgh Pirates	44	3.9	0.694	162	1458	1043	13107	6316	4369	1838	109	148	0.983	34	0	2014
San Diego Padres	51	3.56	0.695	162	1458	1039	12948	5977	4316	1560	101	124	0.983	29	0	2014
Seattle Mariners	44	3.42	0.712	162	1458	1136	13068	6046	4356	1608	82	139	0.986	33	0	2014
San Francisco Giants	46	3.79	0.703	162	1458	1054	13041	6146	4347	1699	100	155	0.984	46	0	2014
St. Louis Cardinals	45	3.72	0.701	162	1458	1094	13038	6051	4346	1617	88	145	0.985	35	0	2014
Tampa Bay Rays	41	3.86	0.7	162	1458	1108	13173	5788	4391	1309	88	96	0.985	-21	1	2014
Texas Rangers	64	4.77	0.675	162	1458	1186	12837	5798	4279	1413	106	155	0.982	-35	0	2014
Toronto Blue Jays	55	4.23	0.693	162	1458	995	12987	5944	4329	1528	87	130	0.985	-13	0	2014
Washington Nationals	40	3.43	0.691	162	1458	1167	13236	6137	4412	1625	100	139	0.984	32	0	2014
Arizona Diamondbacks	44	4.29	0.697	162	1458	1161	13455	6293	4485	1733	75	135	0.988	38	0	2013
Atlanta Braves	43	3.38	0.7	162	1458	1091	13053	6116	4351	1680	85	141	0.986	62	0	2013
Baltimore Orioles	52	4.38	0.701	162	1458	1204	13077	6027	4359	1614	54	165	0.991	19	1	2013
Boston Red Sox	48	4.05	0.694	162	1458	1121	13086	5958	4362	1516	80	142	0.987	21	1	2013
Chicago Cubs	56	4.25	0.706	162	1458	1187	13032	6046	4344	1602	100	129	0.983	22	0	2013
Chicago White Sox	47	4.46	0.687	162	1458	1110	13095	6041	4365	1555	121	155	0.98	-64	0	2013
Cincinnati Reds	39	3.64	0.715	162	1458	1122	13263	6140	4421	1643	76	131	0.988	89	0	2013
Cleveland Indians	48	4.09	0.683	162	1458	1149	12972	5925	4324	1503	98	135	0.983	-14	1	2013
Colorado Rockies	43	4.69	0.674	162	1458	1152	12924	6253	4308	1855	90	162	0.986	-7	0	2013
Detroit Tigers	39	3.85	0.682	162	1458	1090	13164	5972	4388	1508	76	136	0.987	-53	1	2013
Houston Astros	50	5.23	0.679	162	1458	1124	12960	6080	4320	1635	125	168	0.979	-69	0	2013
Kansas City Royals	43	3.71	0.698	162	1458	1154	13035	5950	4345	1520	85	136	0.986	55	0	2013
Los Angeles Angels of Anaheim	49	4.55	0.683	162	1458	1135	13119	5985	4373	1500	112	135	0.981	-44	0	2013
Los Angeles Dodgers	49	3.59	0.692	162	1458	1058	13053	6183	4351	1723	109	160	0.982	27	0	2013
Miami Marlins	52	3.99	0.695	162	1458	1198	13140	6155	4380	1687	88	144	0.986	10	0	2013
Milwaukee Brewers	40	4.24	0.697	162	1458	1137	12984	6070	4328	1628	114	153	0.981	19	1	2013
Minnesota Twins	44	4.86	0.679	162	1458	1155	13053	6155	4351	1723	81	178	0.987	-43	0	2013
New York Mets	53	4.22	0.691	162	1458	1108	13290	6165	4430	1642	93	127	0.985	-34	0	2013
New York Yankees	55	4.14	0.687	162	1458	1128	13026	5955	4342	1544	69	139	0.988	-22	0	2013
Oakland Athletics	44	3.86	0.708	162	1458	1094	13068	5830	4356	1377	97	112	0.983	-7	1	2013
Philadelphia Phillies	51	4.62	0.679	162	1458	1123	12927	6020	4309	1614	97	141	0.984	-49	0	2013
Pittsburgh Pirates	49	3.56	0.698	162	1458	1042	13236	6442	4412	1924	106	154	0.984	18	1	2013
San Diego Padres	47	4.32	0.696	162	1458	1006	13095	6146	4365	1698	83	140	0.986	19	1	2013
Seattle Mariners	47	4.65	0.683	162	1458	1144	13185	6128	4395	1645	88	149	0.986	-53	0	2013
San Francisco Giants	44	4.27	0.689	162	1458	1074	13026	5986	4342	1537	107	128	0.982	39	0	2013
St. Louis Cardinals	44	3.68	0.691	162	1458	1031	13137	6172	4379	1718	75	177	0.988	14	0	2013
Tampa Bay Rays	41	3.96	0.707	163	1467	1042	13176	6044	4392	1593	59	147	0.99	13	0	2013
Texas Rangers	45	3.9	0.693	163	1467	1138	13170	6025	4390	1549	86	146	0.986	54	1	2013
Toronto Blue Jays	53	4.67	0.69	162	1458	1114	13068	6072	4356	1605	111	145	0.982	-39	0	2013
Washington Nationals	44	3.86	0.691	162	1458	1169	13011	5993	4337	1549	107	146	0.982	-3	1	2013
Arizona Diamondbacks	48	4.25	0.685	162	1458	1206	12903	6067	4301	1676	90	146	0.985	-15	0	2012
Atlanta Braves	41	3.7	0.703	162	1458	1194	13008	6076	4336	1654	86	147	0.986	101	1	2012
Baltimore Orioles	51	4.35	0.699	162	1458	1153	13347	6235	4449	1680	106	151	0.983	20	0	2012
Boston Red Sox	56	4.98	0.689	162	1458	1108	12987	6117	4329	1687	101	159	0.983	44	1	2012
Chicago Cubs	53	4.69	0.692	162	1458	1092	12723	5929	4241	1583	105	148	0.982	12	1	2012
Chicago White Sox	45	4.17	0.702	162	1458	1145	13011	5985	4337	1578	70	154	0.988	55	0	2012
Cincinnati Reds	38	3.63	0.699	162	1458	1153	13077	6050	4359	1602	89	113	0.985	23	0	2012
Cleveland Indians	47	5.22	0.685	162	1458	1104	12978	6087	4326	1665	96	157	0.984	-20	0	2012
Colorado Rockies	49	5.49	0.657	162	1458	1117	12798	6106	4266	1718	122	139	0.98	-58	0	2012
Detroit Tigers	46	4.14	0.678	162	1458	1088	12876	5872	4292	1481	99	127	0.983	-59	1	2012
Houston Astros	50	4.9	0.675	162	1458	1069	12810	6117	4270	1729	118	132	0.981	-67	1	2012
Kansas City Royals	45	4.6	0.673	162	1458	1217	13062	6091	4354	1624	113	171	0.981	-43	0	2012
Los Angeles Angels of Anaheim	43	4.31	0.708	162	1458	1101	12900	5976	4300	1578	98	141	0.984	36	0	2012
Los Angeles Dodgers	50	3.69	0.702	162	1458	1057	13047	6116	4349	1669	98	138	0.984	10	0	2012
Miami Marlins	44	4.47	0.685	162	1458	1154	12966	6074	4322	1649	103	154	0.983	2	0	2012
Milwaukee Brewers	46	4.52	0.672	162	1458	1079	13083	5992	4361	1532	99	133	0.983	-26	0	2012
Minnesota Twins	47	5.14	0.69	162	1458	1171	12948	6207	4316	1784	107	188	0.983	-20	0	2012
New York Mets	48	4.38	0.694	162	1458	1060	12906	5905	4302	1502	101	135	0.983	-5	0	2012
New York Yankees	45	4.12	0.693	162	1458	1097	13008	5882	4336	1471	75	135	0.987	-17	0	2012
Oakland Athletics	50	3.79	0.704	162	1458	1174	13230	6089	4410	1568	111	135	0.982	23	1	2012
Philadelphia Phillies	49	4.2	0.686	162	1458	1098	13062	6015	4354	1560	101	118	0.983	-27	0	2012
Pittsburgh Pirates	49	4.16	0.697	162	1458	1072	12900	6068	4300	1656	112	126	0.982	-20	0	2012
San Diego Padres	53	4.38	0.697	162	1458	1079	12912	6080	4304	1655	121	97	0.98	-32	1	2012
Seattle Mariners	37	4.02	0.707	162	1458	1201	13110	6012	4370	1570	72	155	0.988	1	0	2012
San Francisco Giants	45	4.01	0.693	162	1458	1054	13059	6107	4353	1639	115	134	0.981	-7	0	2012
St. Louis Cardinals	45	4	0.686	162	1458	1045	13164	6249	4388	1754	107	149	0.983	-6	0	2012
Tampa Bay Rays	43	3.56	0.704	162	1458	1005	13137	6134	4379	1641	114	155	0.981	-3	1	2012
Texas Rangers	39	4.36	0.694	162	1458	1106	12978	5907	4326	1496	85	136	0.986	9	1	2012
Toronto Blue Jays	54	4.84	0.694	162	1458	1156	12993	6169	4331	1737	101	167	0.984	72	0	2012
Arizona Diamondbacks	51	4.09	0.701	162	1458	1202	12990	6024	4330	1604	90	131	0.985	27	0	2011
Atlanta Braves	44	3.73	0.699	162	1458	1153	13317	6197	4439	1675	83	131	0.987	-8	0	2011
Baltimore Orioles	49	5.31	0.682	162	1458	1161	13020	6105	4340	1655	110	159	0.982	-56	1	2011
Boston Red Sox	49	4.55	0.701	162	1458	1129	13116	5990	4372	1526	92	120	0.985	11	1	2011
Chicago Cubs	42	4.67	0.678	162	1458	1090	12909	5996	4303	1559	134	128	0.978	-3	1	2011
Chicago White Sox	42	4.36	0.685	162	1458	1159	13140	6126	4380	1667	79	129	0.987	-8	0	2011
Cincinnati Reds	42	4.44	0.705	162	1458	1088	13209	6253	4403	1759	91	146	0.985	25	0	2011
Cleveland Indians	45	4.69	0.692	162	1458	1155	13080	6159	4360	1689	110	130	0.982	4	0	2011
Colorado Rockies	55	4.78	0.688	162	1458	1121	13029	6199	4343	1758	98	156	0.984	-30	0	2011
Detroit Tigers	45	4.39	0.692	162	1458	1033	12960	6062	4320	1639	103	148	0.983	-5	1	2011
Florida Marlins	44	4.33	0.694	162	1458	1111	13137	6025	4379	1553	93	126	0.985	-15	0	2011
Houston Astros	47	4.91	0.68	162	1458	1125	12915	6053	4305	1632	116	140	0.981	-2	1	2011
Kansas City Royals	42	4.7	0.687	162	1458	1227	13062	6149	4354	1700	95	149	0.985	-17	0	2011
Los Angeles Angels of Anaheim	42	3.91	0.704	162	1458	1154	13185	6211	4395	1723	93	157	0.985	37	0	2011
Los Angeles Dodgers	48	3.8	0.701	161	1449	1064	12888	5892	4296	1511	85	121	0.986	-4	1	2011
Milwaukee Brewers	46	3.94	0.694	162	1458	1086	12975	6023	4325	1587	111	130	0.982	24	0	2011
Minnesota Twins	44	4.96	0.677	162	1458	1182	12795	6005	4265	1621	119	153	0.98	-65	0	2011
New York Mets	46	4.58	0.683	162	1458	1143	13032	6157	4344	1697	116	126	0.981	-81	0	2011
New York Yankees	48	4.06	0.688	162	1458	1102	13125	6046	4375	1569	102	141	0.983	28	0	2011
Oakland Athletics	48	4.19	0.692	162	1458	1180	13029	5996	4343	1529	124	145	0.979	-33	0	2011
Philadelphia Phillies	42	3.27	0.703	162	1458	1188	13293	6125	4431	1620	74	135	0.988	26	1	2011
Pittsburgh Pirates	52	4.4	0.684	162	1458	1081	13044	6231	4348	1771	112	154	0.982	-17	0	2011
San Diego Padres	48	3.77	0.704	162	1458	1086	13044	6136	4348	1694	94	139	0.985	13	0	2011
Seattle Mariners	45	4.17	0.698	162	1458	1194	12897	6030	4299	1623	108	152	0.982	-11	0	2011
San Francisco Giants	43	3.57	0.701	162	1458	1008	13212	6165	4404	1657	104	127	0.983	14	0	2011
St. Louis Cardinals	46	4.27	0.687	162	1458	960	13158	6317	4386	1815	116	167	0.982	-5	0	2011
Tampa Bay Rays	40	3.79	0.724	162	1458	1102	13041	5939	4347	1519	73	138	0.988	52	0	2011
Texas Rangers	45	4.18	0.704	162	1458	1130	12972	5990	4324	1552	114	164	0.981	39	0	2011
Toronto Blue Jays	53	4.7	0.693	162	1458	1162	13128	6189	4376	1703	110	148	0.982	19	0	2011
Washington Nationals	43	3.99	0.697	161	1449	1098	13044	6143	4348	1691	104	145	0.983	47	1	2011
Arizona Diamondbacks	48	5.16	0.689	162	1458	1152	12888	5970	4296	1572	102	152	0.983	27	0	2010
Atlanta Braves	43	3.88	0.69	162	1458	1057	12954	6214	4318	1770	126	166	0.98	23	0	2010
Baltimore Orioles	45	4.85	0.69	162	1458	1154	12927	5996	4309	1582	105	141	0.982	-10	1	2010
Boston Red Sox	53	4.59	0.691	162	1458	1045	13110	6069	4370	1588	111	132	0.982	30	1	2010
Chicago Cubs	44	4.73	0.681	162	1458	1118	12930	5986	4310	1550	126	137	0.979	-52	0	2010
Chicago White Sox	39	4.35	0.679	162	1458	1183	13017	6105	4339	1663	103	158	0.983	-41	1	2010
Cincinnati Reds	44	4.23	0.701	162	1458	1079	13077	6039	4359	1608	72	142	0.988	26	0	2010
Cleveland Indians	44	4.64	0.687	162	1458	1189	12897	6223	4299	1814	110	179	0.982	7	0	2010
Colorado Rockies	43	4.43	0.682	162	1458	1075	12978	6134	4326	1707	101	182	0.984	22	0	2010
Detroit Tigers	41	4.59	0.688	162	1458	1069	12999	6110	4333	1668	109	171	0.982	37	1	2010
Florida Marlins	57	4.43	0.681	162	1458	1142	12945	5940	4315	1502	123	130	0.979	-19	0	2010
Houston Astros	48	4.5	0.68	162	1458	1136	12954	6018	4318	1597	103	135	0.983	-52	1	2010
Kansas City Royals	46	5.22	0.679	162	1458	1230	12930	6019	4310	1588	121	138	0.98	-21	0	2010
Los Angeles Angels of Anaheim	46	4.33	0.692	162	1458	1155	13044	6023	4348	1562	113	116	0.981	-37	1	2010
Los Angeles Dodgers	49	4.27	0.697	162	1458	1120	12975	6012	4325	1589	98	124	0.984	2	0	2010
Milwaukee Brewers	43	4.96	0.675	162	1458	1192	12951	5934	4317	1516	101	142	0.983	-37	0	2010
Minnesota Twins	41	4.14	0.69	162	1458	1164	13074	6146	4358	1710	78	150	0.987	0	0	2010
New York Mets	47	4.02	0.691	162	1458	1143	13077	6111	4359	1665	87	159	0.986	31	0	2010
New York Yankees	43	4.28	0.709	162	1458	1082	12981	5918	4327	1522	69	161	0.988	12	0	2010
Oakland Athletics	49	3.86	0.711	162	1458	1122	12885	6098	4295	1704	99	147	0.984	31	0	2010
Philadelphia Phillies	42	3.95	0.698	162	1458	1178	13107	6139	4369	1687	83	158	0.986	25	0	2010
Pittsburgh Pirates	52	5.35	0.671	162	1458	1170	12705	6016	4235	1654	127	120	0.979	-100	0	2010
San Diego Padres	40	3.59	0.703	162	1458	1090	13107	6067	4369	1626	72	141	0.988	38	0	2010
Seattle Mariners	46	4.31	0.705	162	1458	1242	12942	6081	4314	1657	110	145	0.982	28	1	2010
San Francisco Giants	42	3.6	0.707	162	1458	997	13149	5941	4383	1485	73	110	0.988	25	0	2010
St. Louis Cardinals	42	3.96	0.694	162	1458	1038	13083	6332	4361	1872	99	172	0.984	6	0	2010
Tampa Bay Rays	36	4.01	0.709	162	1458	1065	13083	5945	4361	1499	85	134	0.986	34	0	2010
Texas Rangers	48	4.24	0.704	162	1458	1130	13098	5970	4366	1499	105	133	0.982	4	0	2010
Toronto Blue Jays	44	4.49	0.689	162	1458	1183	12966	6105	4322	1691	92	172	0.985	14	1	2010
Washington Nationals	46	4.58	0.684	162	1458	1001	12915	6089	4305	1657	127	148	0.979	-8	0	2010
Arizona Diamondbacks	45	4.83	0.683	162	1458	1131	13029	6073	4343	1606	124	133	0.98	-7	0	2009
Atlanta Braves	45	3.96	0.686	162	1458	1121	13164	6198	4388	1714	96	159	0.985	14	0	2009
Baltimore Orioles	48	5.41	0.68	162	1458	1176	12861	6040	4287	1663	90	151	0.985	-10	0	2009
Boston Red Sox	52	4.54	0.678	162	1458	1126	12930	5844	4310	1452	82	121	0.986	-26	0	2009
Chicago Cubs	45	4.17	0.698	161	1449	1060	13008	6014	4336	1573	105	144	0.983	0	1	2009
Chicago White Sox	44	4.52	0.689	162	1458	1149	12957	6101	4319	1669	113	158	0.981	-40	0	2009
Cincinnati Reds	45	4.46	0.704	162	1458	1118	13125	6060	4375	1596	89	161	0.985	73	0	2009
Cleveland Indians	51	5.34	0.681	162	1458	1189	12906	6050	4302	1651	97	170	0.984	-22	0	2009
Colorado Rockies	45	4.41	0.688	162	1458	1065	12945	6167	4315	1765	87	146	0.986	-14	0	2009
Detroit Tigers	44	4.57	0.694	163	1467	1082	13023	6045	4341	1616	88	164	0.985	35	1	2009
Florida Marlins	44	4.73	0.686	162	1458	1086	13017	5914	4339	1469	106	129	0.982	-10	0	2009
Houston Astros	42	4.75	0.677	162	1458	1147	12870	6087	4290	1719	78	161	0.987	-50	1	2009
Kansas City Royals	43	5.2	0.675	162	1458	1102	12834	5964	4278	1569	117	159	0.98	-58	0	2009
Los Angeles Angels of Anaheim	46	4.7	0.687	162	1458	1159	13005	6043	4335	1623	85	174	0.986	-2	1	2009
Los Angeles Dodgers	46	3.77	0.713	162	1458	1139	13260	6097	4420	1594	83	134	0.986	22	0	2009
Milwaukee Brewers	45	5.05	0.689	162	1458	1165	12915	5993	4305	1590	98	149	0.984	-7	1	2009
Minnesota Twins	41	4.69	0.689	163	1467	1106	13077	6000	4359	1565	76	135	0.987	-38	1	2009
New York Mets	51	4.67	0.693	162	1458	1128	12834	5932	4278	1557	97	134	0.984	9	0	2009
New York Yankees	44	4.65	0.698	162	1458	1024	13050	5929	4350	1493	86	131	0.985	6	0	2009
Oakland Athletics	50	4.7	0.682	162	1458	1116	13026	6039	4342	1592	105	155	0.983	-64	0	2009
Philadelphia Phillies	41	4.38	0.693	162	1458	1196	13101	6000	4367	1557	76	132	0.987	16	0	2009
Pittsburgh Pirates	49	4.77	0.69	161	1449	1237	12765	6094	4255	1766	73	171	0.988	-17	1	2009
San Diego Padres	54	4.75	0.692	162	1458	1161	13056	6012	4352	1566	94	146	0.984	-33	0	2009
Seattle Mariners	46	4.27	0.712	162	1458	1217	13074	5988	4358	1525	105	150	0.982	77	0	2009
San Francisco Giants	44	3.77	0.706	162	1458	1051	13014	5937	4338	1511	88	138	0.985	47	0	2009
St. Louis Cardinals	42	3.95	0.694	162	1458	972	12966	6273	4322	1855	96	167	0.985	35	0	2009
Tampa Bay Rays	41	4.65	0.695	162	1458	1105	12846	5891	4282	1511	98	135	0.983	56	1	2009
Texas Rangers	44	4.57	0.697	162	1458	1219	12912	6013	4304	1603	106	168	0.982	72	0	2009
Toronto Blue Jays	44	4.76	0.681	162	1458	1206	13059	6169	4353	1740	76	168	0.988	13	0	2009
Washington Nationals	55	5.4	0.683	162	1458	1082	12819	6158	4273	1742	143	155	0.977	-18	0	2009
Arizona Diamondbacks	41	4.36	0.685	162	1458	1141	12912	5982	4304	1565	113	137	0.981	-24	0	2008
Atlanta Braves	48	4.8	0.692	162	1458	1147	12966	6220	4322	1791	107	149	0.983	-5	0	2008
Baltimore Orioles	46	5.4	0.687	161	1449	1112	12798	6027	4266	1661	100	163	0.983	-4	0	2008
Boston Red Sox	46	4.28	0.698	162	1458	1092	13017	6021	4339	1597	85	149	0.986	20	1	2008
Chicago Cubs	42	4.17	0.703	161	1449	1046	13056	5896	4352	1445	99	118	0.983	0	0	2008
Chicago White Sox	38	4.47	0.686	163	1467	1110	13119	6211	4373	1730	108	155	0.983	-41	0	2008
Cincinnati Reds	47	4.94	0.671	162	1458	1063	12981	6008	4327	1567	114	156	0.981	-40	0	2008
Cleveland Indians	48	4.7	0.685	162	1458	1156	12933	6094	4311	1689	94	182	0.985	13	0	2008
Colorado Rockies	49	5.07	0.677	162	1458	1123	13014	6250	4338	1816	96	176	0.985	-36	0	2008
Detroit Tigers	46	5.29	0.683	162	1458	1081	13005	6082	4335	1634	113	172	0.981	-18	1	2008
Florida Marlins	44	4.76	0.692	161	1449	1039	12918	5924	4306	1501	117	122	0.98	-6	0	2008
Houston Astros	40	4.61	0.697	161	1449	1111	12828	5939	4276	1596	67	142	0.989	11	0	2008
Kansas City Royals	43	4.82	0.688	162	1458	1076	13011	5981	4337	1548	96	159	0.984	7	0	2008
Los Angeles Angels of Anaheim	41	4.3	0.691	162	1458	1119	13062	6091	4354	1646	91	159	0.985	23	0	2008
Los Angeles Dodgers	46	4	0.69	162	1458	1027	13026	6238	4342	1795	101	138	0.984	26	1	2008
Milwaukee Brewers	42	4.25	0.7	162	1458	1211	13101	6166	4367	1698	101	160	0.984	21	1	2008
Minnesota Twins	39	4.57	0.684	163	1467	1185	13131	6167	4377	1682	108	168	0.982	-23	1	2008
New York Mets	49	4.41	0.699	162	1458	1129	13179	6028	4393	1552	83	126	0.986	9	0	2008
New York Yankees	51	4.49	0.682	162	1458	1095	12975	5994	4325	1586	83	141	0.986	6	0	2008
Oakland Athletics	49	4.29	0.699	161	1449	1059	12915	5976	4305	1573	98	169	0.984	20	0	2008
Philadelphia Phillies	38	4.2	0.695	162	1458	1055	13047	6137	4349	1698	90	142	0.985	39	0	2008
Pittsburgh Pirates	47	5.46	0.675	162	1458	1167	13095	6302	4365	1830	107	179	0.983	-22	0	2008
San Diego Padres	59	4.72	0.694	162	1458	1155	13125	6086	4375	1626	85	149	0.986	-21	0	2008
Seattle Mariners	44	5.01	0.679	162	1458	1158	12918	6059	4306	1654	99	160	0.984	-17	0	2008
San Francisco Giants	47	4.69	0.685	162	1458	1034	12978	5815	4326	1393	96	129	0.983	5	1	2008
St. Louis Cardinals	43	4.48	0.694	162	1458	979	13086	6264	4362	1817	85	156	0.986	44	1	2008
Tampa Bay Rays	45	4.14	0.708	162	1458	1141	13119	5958	4373	1495	90	153	0.985	24	1	2008
Texas Rangers	54	5.97	0.666	162	1458	1115	12978	6134	4326	1676	132	191	0.978	-25	0	2008
Toronto Blue Jays	40	3.77	0.703	162	1458	1154	13020	6123	4340	1699	84	137	0.986	17	0	2008
Washington Nationals	50	5.12	0.686	161	1449	1106	12906	6003	4302	1578	123	143	0.98	-28	0	2008
Arizona Diamondbacks	47	4.52	0.691	162	1458	1089	12969	6064	4323	1635	106	157	0.983	40	0	2007
Atlanta Braves	50	4.52	0.696	162	1458	1118	13107	6133	4369	1657	107	141	0.983	27	0	2007
Baltimore Orioles	49	5.36	0.686	162	1458	1112	12948	6085	4316	1690	79	155	0.987	-8	0	2007
Boston Red Sox	40	4.06	0.704	162	1458	1112	12948	5935	4316	1538	81	145	0.986	76	0	2007
Chicago Cubs	47	4.26	0.704	162	1458	1035	13020	5969	4340	1535	94	134	0.984	52	0	2007
Chicago White Sox	43	5.18	0.68	162	1458	1165	12966	6034	4322	1604	108	168	0.982	-47	0	2007
Cincinnati Reds	50	5.27	0.676	162	1458	1094	13047	5961	4349	1517	95	155	0.984	-48	0	2007
Cleveland Indians	41	4.35	0.685	162	1458	1115	13164	6177	4388	1697	92	167	0.985	3	0	2007
Colorado Rockies	53	4.65	0.701	163	1467	1102	13248	6326	4416	1842	68	180	0.989	79	0	2007
Detroit Tigers	44	4.92	0.69	162	1458	1095	13026	6076	4342	1635	99	148	0.984	8	0	2007
Florida Marlins	50	5.5	0.659	162	1458	1119	12993	5978	4331	1510	137	159	0.977	-50	1	2007
Houston Astros	41	5.02	0.685	162	1458	993	13182	6186	4394	1689	103	128	0.983	-16	1	2007
Kansas City Royals	45	4.8	0.681	162	1458	1111	12936	5971	4312	1553	106	160	0.982	17	0	2007
Los Angeles Angels of Anaheim	42	4.51	0.678	162	1458	1131	12915	5956	4305	1550	101	154	0.983	12	0	2007
Los Angeles Dodgers	45	4.49	0.682	162	1458	1046	13050	6115	4350	1651	114	160	0.981	-19	0	2007
Milwaukee Brewers	40	4.79	0.675	162	1458	1115	12999	5971	4333	1529	109	144	0.982	-45	0	2007
Minnesota Twins	42	4.48	0.685	162	1458	1161	12930	6017	4310	1611	96	151	0.984	-5	1	2007
New York Mets	49	4.63	0.698	162	1458	1168	13071	5976	4357	1518	101	124	0.983	28	0	2007
New York Yankees	49	4.8	0.689	162	1458	1099	13056	6028	4352	1588	88	174	0.985	9	0	2007
Oakland Athletics	52	4.68	0.691	162	1458	1174	13032	6121	4344	1687	90	153	0.985	-14	0	2007
Philadelphia Phillies	45	5.07	0.686	162	1458	1014	13125	6187	4375	1723	89	162	0.986	19	0	2007
Pittsburgh Pirates	46	5.22	0.673	162	1458	1140	13029	6147	4343	1721	83	190	0.986	-34	1	2007
San Diego Padres	46	4.09	0.699	163	1467	1165	13362	6312	4454	1766	92	147	0.985	-20	1	2007
Seattle Mariners	43	5.02	0.672	162	1458	1120	12909	6049	4303	1656	90	167	0.985	-32	0	2007
San Francisco Giants	44	4.44	0.694	162	1458	1072	13083	6115	4361	1666	88	148	0.986	7	0	2007
St. Louis Cardinals	45	5.12	0.689	162	1458	1027	12921	6100	4307	1672	121	155	0.98	1	1	2007
Tampa Bay Devil Rays	45	5.83	0.652	162	1458	1211	12867	5954	4289	1548	117	155	0.98	-68	1	2007
Texas Rangers	50	5.21	0.679	162	1458	1073	12870	6159	4290	1745	124	179	0.98	6	0	2007
Toronto Blue Jays	45	4.31	0.703	162	1458	1131	13038	6301	4346	1853	102	160	0.984	58	0	2007
Washington Nationals	47	4.83	0.698	162	1458	1065	13020	6016	4340	1567	109	153	0.982	9	1	2007
Arizona Diamondbacks	45	4.86	0.685	162	1458	1151	13137	6259	4379	1776	104	172	0.983	12	0	2006
Atlanta Braves	45	4.97	0.686	162	1458	1087	12972	6031	4324	1608	99	146	0.984	57	0	2006
Baltimore Orioles	46	5.55	0.678	162	1458	1102	12771	5966	4257	1607	102	156	0.983	-4	0	2006
Boston Red Sox	53	5.09	0.679	162	1458	1056	12972	6052	4324	1662	66	174	0.989	0	0	2006
Chicago Cubs	46	5.15	0.698	162	1458	1115	12951	5903	4317	1480	106	122	0.982	5	1	2006
Chicago White Sox	37	4.9	0.693	162	1458	1096	13041	6092	4347	1655	90	145	0.985	-30	0	2006
Cincinnati Reds	52	4.94	0.68	162	1458	1119	13011	6064	4337	1599	128	139	0.979	-31	0	2006
Cleveland Indians	45	4.83	0.675	162	1458	1208	12810	6057	4270	1669	118	165	0.981	-22	1	2006
Colorado Rockies	50	5.01	0.683	162	1458	1158	13026	6249	4342	1816	91	190	0.985	22	0	2006
Detroit Tigers	38	4.17	0.701	162	1458	1124	13032	6230	4344	1780	106	162	0.983	57	0	2006
Florida Marlins	40	4.77	0.683	162	1458	995	12900	6014	4300	1588	126	166	0.979	-5	1	2006
Houston Astros	38	4.44	0.701	162	1458	1042	13218	6239	4406	1753	80	164	0.987	68	1	2006
Kansas City Royals	53	5.99	0.676	162	1458	1165	12837	6035	4279	1658	98	189	0.984	-6	1	2006
Los Angeles Angels of Anaheim	40	4.52	0.69	162	1458	1097	13074	6027	4358	1545	124	154	0.979	9	1	2006
Los Angeles Dodgers	50	4.64	0.681	162	1458	1049	13143	6292	4381	1796	115	174	0.982	-27	0	2006
Milwaukee Brewers	49	5.14	0.685	162	1458	1179	12831	5976	4277	1582	117	126	0.98	-18	1	2006
Minnesota Twins	38	4.22	0.685	162	1458	1174	12954	6049	4318	1647	84	135	0.986	-2	0	2006
New York Mets	49	4.51	0.701	162	1458	1173	13152	6126	4384	1638	104	131	0.983	42	0	2006
New York Yankees	49	4.73	0.696	162	1458	1023	12993	6028	4331	1593	104	145	0.983	-24	0	2006
Oakland Athletics	39	4.49	0.688	162	1458	1191	13065	6065	4355	1626	84	173	0.986	-11	0	2006
Philadelphia Phillies	44	5.01	0.681	162	1458	1096	13143	6170	4381	1685	104	153	0.983	-13	1	2006
Pittsburgh Pirates	41	4.92	0.674	162	1458	1147	12915	6199	4305	1790	104	168	0.983	-37	0	2006
San Diego Padres	43	4.19	0.71	162	1458	1081	13173	6079	4391	1596	92	138	0.985	30	0	2006
Seattle Mariners	49	4.89	0.69	162	1458	1171	13020	6058	4340	1630	88	150	0.985	17	0	2006
San Francisco Giants	44	4.91	0.7	161	1449	1032	12867	5961	4289	1581	91	132	0.985	22	0	2006
St. Louis Cardinals	41	4.73	0.697	161	1449	1016	12867	6169	4289	1782	98	170	0.984	33	0	2006
Tampa Bay Devil Rays	49	5.28	0.671	162	1458	1125	12783	5971	4261	1594	116	156	0.981	-55	0	2006
Texas Rangers	51	4.84	0.678	162	1458	1199	12882	6140	4294	1748	98	174	0.984	-33	0	2006
Toronto Blue Jays	42	4.65	0.693	162	1458	1097	12855	6096	4285	1712	99	157	0.984	32	0	2006
Washington Nationals	57	5.38	0.689	162	1458	1118	12927	5941	4309	1501	131	123	0.978	-37	0	2006
Arizona Diamondbacks	43	5.28	0.683	162	1458	1093	13107	6257	4369	1794	94	159	0.985	-25		2005
Atlanta Braves	45	4.16	0.693	162	1458	1142	12993	6219	4331	1802	86	170	0.986	71		2005
Baltimore Orioles	46	4.94	0.692	162	1458	1111	12849	6069	4283	1679	107	154	0.982	7		2005
Boston Red Sox	52	4.97	0.682	162	1458	1063	12861	6019	4287	1623	109	135	0.982	-72		2005
Chicago Cubs	43	4.41	0.699	162	1458	1109	12960	6079	4320	1658	101	136	0.983	0	1	2005
Chicago White Sox	37	3.98	0.711	162	1458	1183	13281	6191	4427	1670	94	166	0.985	8		2005
Cincinnati Reds	45	5.45	0.676	163	1467	1153	12897	5990	4299	1587	104	133	0.983	-49		2005
Cleveland Indians	36	3.96	0.709	162	1458	1212	13074	6110	4358	1646	106	156	0.983	70	1	2005
Colorado Rockies	53	5.32	0.67	162	1458	1121	12768	6080	4256	1706	118	158	0.981	-24		2005
Detroit Tigers	45	4.86	0.695	162	1458	1133	12921	6208	4307	1791	110	171	0.982	12		2005
Florida Marlins	47	4.52	0.677	162	1458	1123	12981	6089	4327	1659	103	177	0.983	-50		2005
Houston Astros	36	3.74	0.705	163	1467	1068	12987	6118	4329	1700	89	146	0.985	43	1	2005
Kansas City Royals	45	5.77	0.666	162	1458	1165	12720	6011	4240	1646	125	163	0.979	-77		2005
Los Angeles Angels of Anaheim	40	3.97	0.7	162	1458	1114	13179	6001	4393	1521	87	139	0.986	27		2005
Los Angeles Dodgers	44	4.66	0.699	162	1458	1078	12846	6115	4282	1727	106	141	0.983	-4		2005
Milwaukee Brewers	38	4.3	0.696	162	1458	1157	12942	5915	4314	1482	119	139	0.98	-12		2005
Minnesota Twins	37	4.09	0.702	162	1458	1137	13179	6259	4393	1764	102	171	0.984	33	1	2005
New York Mets	42	4	0.7	162	1458	1128	12921	6070	4307	1657	106	146	0.983	11		2005
New York Yankees	51	4.87	0.69	162	1458	1097	12876	6075	4292	1688	95	151	0.984	-67	1	2005
Oakland Athletics	41	4.06	0.715	162	1458	1188	13053	6088	4351	1649	88	166	0.986	61		2005
Philadelphia Phillies	40	4.48	0.703	162	1458	1130	12915	6003	4305	1608	90	132	0.985	69		2005
Pittsburgh Pirates	44	4.75	0.693	162	1458	1101	12924	6228	4308	1803	117	193	0.981	6		2005
San Diego Padres	46	4.48	0.689	162	1458	1049	13098	6004	4366	1529	109	136	0.982	-42		2005
Seattle Mariners	48	4.64	0.701	162	1458	1200	12849	5944	4283	1575	86	144	0.986	-8		2005
San Francisco Giants	49	4.6	0.699	162	1458	1104	12999	6053	4333	1630	90	146	0.985	18	1	2005
St. Louis Cardinals	40	3.91	0.703	162	1458	1030	13011	6388	4337	1951	100	196	0.984	90		2005
Tampa Bay Devil Rays	43	5.78	0.681	162	1458	1104	12795	5835	4265	1446	124	139	0.979	-43	1	2005
Texas Rangers	50	5.3	0.68	162	1458	1202	12960	6106	4320	1678	108	149	0.982	-34		2005
Toronto Blue Jays	36	4.35	0.701	162	1458	1109	13023	6193	4341	1757	95	154	0.985	5	1	2005
Washington Nationals	54	4.15	0.697	162	1458	1087	13122	6014	4374	1548	92	156	0.985	-5		2005
Anaheim Angels	38	4.53	0.688	162	1458	1062	13089	5964	4363	1511	90	126	0.985	-10		2004
Arizona Diamondbacks	52	5.55	0.682	162	1458	1147	12924	6163	4308	1716	139	144	0.977	-7		2004
Atlanta Braves	39	4.12	0.688	162	1458	1095	13050	6257	4350	1791	116	171	0.981	49		2004
Baltimore Orioles	46	5.12	0.686	162	1458	1150	13098	6159	4366	1683	110	161	0.982	-13	1	2004
Boston Red Sox	49	4.74	0.693	162	1458	982	13062	6122	4354	1650	118	129	0.981	-2		2004
Chicago Cubs	43	4.1	0.697	162	1458	1123	13188	6061	4396	1579	86	126	0.986	-2		2004
Chicago White Sox	42	5.13	0.693	162	1458	1137	12891	6064	4297	1667	100	167	0.984	-4		2004
Cincinnati Reds	44	5.6	0.688	162	1458	1063	12993	6085	4331	1641	113	123	0.981	-13		2004
Cleveland Indians	51	5.29	0.684	162	1458	1160	13200	6182	4400	1676	106	152	0.983	-20		2004
Colorado Rockies	47	5.7	0.677	162	1458	1081	12918	6218	4306	1823	89	161	0.986	-34		2004
Detroit Tigers	39	5.21	0.681	162	1458	1125	12957	6175	4319	1712	144	160	0.977	-19	1	2004
Florida Marlins	45	4.32	0.699	162	1458	1153	12951	6006	4317	1603	86	153	0.986	13		2004
Houston Astros	42	4.31	0.685	162	1458	1064	12987	6050	4329	1620	101	136	0.983	8		2004
Kansas City Royals	58	5.59	0.674	162	1458	1180	12783	6027	4261	1635	131	169	0.978	-52	1	2004
Los Angeles Dodgers	43	4.22	0.711	162	1458	1112	13080	6099	4360	1666	73	145	0.988	70		2004
Milwaukee Brewers	40	4.7	0.693	161	1449	1168	12978	6037	4326	1594	117	132	0.981	3	1	2004
Minnesota Twins	42	4.41	0.684	162	1458	1120	13284	6187	4428	1658	101	158	0.984	-33		2004
Montreal Expos	46	4.75	0.694	162	1458	1122	13023	6139	4341	1699	99	172	0.984	39	1	2004
New York Mets	52	4.51	0.696	162	1458	1040	13041	6229	4347	1745	137	144	0.978	-23		2004
New York Yankees	43	4.99	0.685	162	1458	1119	12993	6001	4331	1571	99	148	0.984	-54		2004
Oakland Athletics	36	4.58	0.698	162	1458	1161	13242	6314	4414	1809	91	172	0.986	19		2004
Philadelphia Phillies	39	4.82	0.702	162	1458	1157	13164	6098	4388	1629	81	142	0.987	39		2004
Pittsburgh Pirates	43	4.62	0.684	161	1449	1042	12852	6080	4284	1693	103	189	0.983	-17		2004
San Diego Padres	46	4.35	0.693	162	1458	1099	12969	6033	4323	1602	108	146	0.982	-17		2004
Seattle Mariners	48	5.08	0.699	162	1458	1143	13134	5954	4378	1473	103	140	0.983	19		2004
San Francisco Giants	42	4.75	0.694	162	1458	1064	13113	6209	4371	1737	101	153	0.984	20	1	2004
St. Louis Cardinals	37	4.07	0.71	162	1458	1037	13083	6292	4361	1834	97	154	0.985	72		2004
Tampa Bay Devil Rays	47	5.23	0.699	161	1449	1163	12753	5900	4251	1530	119	139	0.98	38	1	2004
Texas Rangers	52	4.9	0.686	162	1458	1151	12957	6064	4342	1607	115	152	0.981	-23		2004
Toronto Blue Jays	47	5.11	0.691	161	1449	1184	12789	5985	4263	1631	91	150	0.985	-20	1	2004
Anaheim Angels	43	4.59	0.702	162	1458	1033	12882	5916	4294	1517	105	138	0.982	86		2003
Arizona Diamondbacks	43	4.23	0.69	162	1458	1110	13095	6165	4365	1693	107	132	0.983	25		2003
Atlanta Braves	34	4.57	0.699	162	1458	1111	13107	6374	4369	1884	121	166	0.981	42		2003
Baltimore Orioles	42	5.03	0.684	163	1467	1226	13047	6137	4349	1683	105	164	0.983	-49		2003
Boston Red Sox	47	4.99	0.683	162	1458	1096	13182	6186	4394	1679	113	130	0.982	-49	1	2003
Chicago Cubs	42	4.22	0.692	162	1458	1103	13107	6156	4369	1681	106	157	0.983	7		2003
Chicago White Sox	40	4.41	0.705	162	1458	1075	12879	5974	4293	1588	93	154	0.984	26		2003
Cincinnati Reds	57	5.47	0.685	162	1458	1100	13017	6180	4339	1700	141	152	0.977	29		2003
Cleveland Indians	54	4.8	0.698	162	1458	1156	13134	6284	4378	1780	126	178	0.98	31		2003
Colorado Rockies	49	5.51	0.678	162	1458	1120	12780	6161	4260	1785	116	165	0.981	9	1	2003
Detroit Tigers	42	5.73	0.685	162	1458	1156	12948	6267	4316	1813	138	194	0.978	-43	1	2003
Florida Marlins	40	4.27	0.691	162	1458	1185	13008	6004	4336	1590	78	162	0.987	-15		2003
Houston Astros	43	4.18	0.705	162	1458	1113	13050	6155	4350	1710	95	149	0.985	-9		2003
Kansas City Royals	53	5.35	0.69	162	1458	1135	12948	6129	4316	1705	108	143	0.982	-17	1	2003
Los Angeles Dodgers	42	3.43	0.702	162	1458	1058	13119	6302	4373	1810	119	164	0.981	48		2003
Milwaukee Brewers	42	5.39	0.683	162	1458	1171	13068	6087	4356	1617	114	142	0.981	-15		2003
Minnesota Twins	42	4.68	0.698	162	1458	1129	13158	5954	4386	1481	87	114	0.985	-35		2003
Montreal Expos	43	4.42	0.694	162	1458	1082	12939	6147	4313	1732	102	152	0.983	9		2003
New York Mets	50	4.68	0.688	161	1449	957	12720	6013	4240	1655	118	158	0.98	-51	1	2003
New York Yankees	49	4.39	0.681	163	1467	1194	13158	6078	4386	1578	114	126	0.981	-66		2003
Oakland Athletics	41	3.97	0.711	162	1458	1133	12975	6211	4325	1779	107	145	0.983	19		2003
Philadelphia Phillies	37	4.3	0.701	162	1458	1179	12993	6122	4331	1694	97	146	0.984	62		2003
Pittsburgh Pirates	45	4.94	0.691	162	1458	1058	12999	6300	4333	1844	123	159	0.98	-28		2003
San Diego Padres	51	5.13	0.695	162	1458	1085	12882	6030	4294	1634	102	141	0.983	-26		2003
Seattle Mariners	36	3.93	0.721	162	1458	1185	12969	5838	4323	1450	65	159	0.989	75	1	2003
San Francisco Giants	46	3.96	0.71	161	1449	1105	12936	6067	4312	1675	80	163	0.987	46	1	2003
St. Louis Cardinals	42	4.91	0.7	162	1458	973	13173	6112	4391	1644	77	138	0.987	32		2003
Tampa Bay Devil Rays	50	5.26	0.708	162	1458	1172	12930	5993	4310	1580	103	158	0.983	-12	1	2003
Texas Rangers	52	5.98	0.674	162	1458	1091	12900	6097	4300	1703	94	168	0.985	-43		2003
Toronto Blue Jays	40	5.1	0.681	162	1458	1149	12915	6164	4305	1742	117	161	0.981	-50		2003
Anaheim Angels	40	3.98	0.718	162	1458	1075	13071	6019	4357	1575	87	151	0.986	98		2002
Arizona Diamondbacks	41	4.16	0.697	162	1458	1085	13020	5935	4340	1506	89	116	0.985	-4		2002
Atlanta Braves	38	3.51	0.712	161	1449	1108	13206	6338	4402	1822	114	170	0.982	77		2002
Baltimore Orioles	46	4.77	0.701	162	1458	1165	13056	6163	4352	1720	91	173	0.985	43	1	2002
Boston Red Sox	39	4.1	0.702	162	1458	1150	13014	6087	4338	1645	104	140	0.983	62	1	2002
Chicago Cubs	44	4.69	0.685	162	1458	1060	12972	5938	4324	1500	114	144	0.981	-55		2002
Chicago White Sox	35	4.93	0.706	162	1458	1168	12807	5961	4269	1595	97	157	0.984	13		2002
Cincinnati Reds	43	4.78	0.69	162	1458	1071	13083	6254	4361	1773	120	169	0.981	1		2002
Cleveland Indians	59	5.17	0.674	162	1458	1153	12822	6049	4274	1662	113	161	0.981	-49		2002
Colorado Rockies	43	5.54	0.691	162	1458	1081	12840	6093	4280	1701	112	158	0.982	34	1	2002
Detroit Tigers	56	5.37	0.678	161	1449	1209	12726	6103	4242	1719	142	148	0.977	-41	1	2002
Florida Marlins	41	4.71	0.689	162	1458	1135	13107	6111	4369	1636	106	163	0.983	-13		2002
Houston Astros	41	4.29	0.687	162	1458	1048	13005	6081	4335	1663	83	149	0.986	-44		2002
Kansas City Royals	52	5.5	0.685	162	1458	1148	12969	6155	4323	1702	130	153	0.979	-21	1	2002
Los Angeles Dodgers	41	3.97	0.716	162	1458	1078	13119	6149	4373	1686	90	134	0.985	44		2002
Milwaukee Brewers	49	5.07	0.696	162	1458	1099	12891	6033	4297	1633	103	154	0.983	-14		2002
Minnesota Twins	42	4.42	0.703	161	1449	1103	13002	5830	4334	1422	74	124	0.987	21		2002
Montreal Expos	43	4.43	0.684	162	1458	1124	13077	6297	4359	1799	139	160	0.978	-13		2002
New York Mets	47	4.37	0.692	161	1449	1035	12984	6100	4328	1628	144	138	0.976	-23		2002
New York Yankees	37	4.33	0.688	161	1449	1145	13068	6007	4356	1524	127	117	0.979	-56		2002
Oakland Athletics	41	4.04	0.704	162	1458	1080	13068	6256	4356	1798	102	144	0.984	-6		2002
Philadelphia Phillies	39	4.5	0.705	161	1449	1147	13047	6137	4349	1700	88	156	0.986	24		2002
Pittsburgh Pirates	37	4.53	0.693	161	1449	1016	12714	6252	4238	1899	115	177	0.982	11		2002
San Diego Padres	59	5.03	0.675	162	1458	1004	12927	6118	4309	1681	128	162	0.979	-71		2002
Seattle Mariners	38	4.31	0.703	162	1458	1079	13008	5939	4336	1515	88	134	0.985	5		2002
San Francisco Giants	38	3.8	0.705	162	1458	1089	12936	6032	4312	1630	90	166	0.985	38		2002
St. Louis Cardinals	44	4	0.707	162	1458	1017	13017	6116	4339	1674	103	168	0.983	49		2002
Tampa Bay Devil Rays	43	5.7	0.687	161	1449	1238	12963	6014	4321	1567	126	168	0.979	-8	1	2002
Texas Rangers	51	5.44	0.688	162	1458	1037	12957	6101	4319	1683	99	152	0.984	-22	1	2002
Toronto Blue Jays	45	5.11	0.69	162	1458	1188	12945	6035	4315	1613	107	159	0.982	-7	1	2002
Anaheim Angels	37	4.51	0.7	162	1458	1127	12939	6106	4313	1690	103	142	0.983	39		2001
Arizona Diamondbacks	45	4.18	0.703	162	1458	1086	13137	6022	4379	1559	84	148	0.986	49		2001
Atlanta Braves	47	3.97	0.702	162	1458	1116	13026	6081	4342	1636	103	133	0.983	61		2001
Baltimore Orioles	46	5.12	0.694	162	1458	1173	12891	6021	4297	1599	125	137	0.979	-13	1	2001
Boston Red Sox	48	4.63	0.684	161	1449	1133	13032	6015	4344	1558	113	129	0.981	-50		2001
Chicago Cubs	43	4.33	0.688	162	1458	966	12933	5913	4311	1493	109	113	0.982	-12	1	2001
Chicago White Sox	41	4.91	0.698	162	1458	1090	12900	6149	4300	1731	118	149	0.981	7		2001
Cincinnati Reds	49	5.25	0.684	162	1458	1033	12984	6199	4328	1733	138	136	0.978	-39		2001
Cleveland Indians	43	5.07	0.67	162	1458	1055	13020	6057	4340	1610	107	137	0.982	-49		2001
Colorado Rockies	52	5.59	0.691	162	1458	1107	12870	6080	4290	1694	96	167	0.984	61	1	2001
Detroit Tigers	42	5.41	0.675	162	1458	1130	12864	6194	4288	1775	131	164	0.979	-35	1	2001
Florida Marlins	42	4.59	0.692	162	1458	1160	12942	6083	4314	1666	103	174	0.983	13		2001
Houston Astros	43	4.75	0.692	162	1458	1061	13092	6136	4364	1662	110	138	0.982	-3		2001
Kansas City Royals	44	5.3	0.69	162	1458	1156	12960	6238	4320	1801	117	204	0.981	50		2001
Los Angeles Dodgers	41	4.59	0.696	162	1458	1108	13056	6054	4352	1586	116	138	0.981	-33		2001
Milwaukee Brewers	46	4.98	0.696	162	1458	1130	12927	6141	4309	1729	103	156	0.983	-7		2001
Minnesota Twins	42	4.73	0.698	162	1458	1172	12972	5974	4324	1542	108	118	0.982	30		2001
Montreal Expos	46	5.01	0.682	162	1458	1145	12882	6023	4294	1621	108	139	0.982	-46	1	2001
New York Mets	43	4.4	0.694	162	1458	1034	13011	6014	4337	1576	101	132	0.983	-1		2001
New York Yankees	45	4.43	0.683	161	1449	1133	13062	5992	4354	1529	109	132	0.982	-57		2001
Oakland Athletics	41	3.98	0.699	162	1458	1172	13170	6271	4390	1756	125	151	0.98	19		2001
Philadelphia Phillies	44	4.44	0.699	162	1458	1212	13008	6030	4336	1603	91	145	0.985	42	1	2001
Pittsburgh Pirates	49	5.3	0.687	162	1458	1035	12747	6181	4249	1799	133	168	0.978	-3		2001
San Diego Padres	48	5.01	0.686	162	1458	1058	12966	6074	4322	1607	145	127	0.976	-46		2001
Seattle Mariners	35	3.87	0.727	162	1458	1047	13185	6012	4395	1534	83	137	0.986	104		2001
San Francisco Giants	41	4.62	0.692	162	1458	1019	13170	6158	4390	1650	118	170	0.981	6		2001
St. Louis Cardinals	39	4.22	0.703	162	1458	1055	12918	6080	4306	1664	110	156	0.982	61		2001
Tampa Bay Devil Rays	46	5.48	0.683	162	1458	1195	12813	5941	4271	1531	139	144	0.977	-28	1	2001
Texas Rangers	51	5.98	0.673	162	1458	1146	12945	6067	4315	1638	114	167	0.981	-47	1	2001
Toronto Blue Jays	40	4.65	0.68	162	1458	1146	13164	6316	4388	1831	97	184	0.985	-4		2001
Anaheim Angels	45	5.36	0.699	162	1458	1143	13032	6224	4344	1746	134	182	0.978	71		2000
Arizona Diamondbacks	41	4.65	0.687	162	1458	1132	12993	5979	4331	1541	107	138	0.982	17		2000
Atlanta Braves	46	4.41	0.692	162	1458	1114	12963	6183	4321	1733	129	138	0.979	36		2000
Baltimore Orioles	48	5.64	0.684	162	1458	1186	12900	5994	4300	1578	116	151	0.981	-21	1	2000
Boston Red Sox	50	4.6	0.696	162	1458	1071	13074	6114	4358	1647	109	120	0.982	38	1	2000
Chicago Cubs	50	5.58	0.693	162	1458	1069	13092	6038	4364	1574	100	139	0.983	6	1	2000
Chicago White Sox	41	5.18	0.685	162	1458	1130	13053	6170	4351	1686	133	190	0.978	6		2000
Cincinnati Reds	45	4.69	0.702	163	1467	1017	13107	6119	4369	1639	111	156	0.982	48		2000
Cleveland Indians	55	5.04	0.678	162	1458	1136	12981	6064	4327	1665	72	147	0.988	-14		2000
Colorado Rockies	49	5.54	0.684	162	1458	1103	12870	6111	4290	1727	94	176	0.985	55	1	2000
Detroit Tigers	44	5.1	0.679	162	1458	1059	12990	6189	4330	1754	105	171	0.983	4	1	2000
Florida Marlins	39	4.95	0.684	161	1449	1072	12867	6124	4289	1710	125	144	0.98	-11	1	2000
Houston Astros	45	5.83	0.678	162	1458	1039	12939	6007	4313	1561	133	149	0.978	-53		2000
Kansas City Royals	44	5.74	0.689	162	1458	1168	12954	6171	4318	1751	102	185	0.983	44		2000
Los Angeles Dodgers	45	4.5	0.696	162	1458	1115	13005	6187	4335	1717	135	151	0.978	6		2000
Milwaukee Brewers	46	5.07	0.693	163	1467	1144	13197	6264	4399	1747	118	187	0.981	29		2000
Minnesota Twins	41	5.43	0.671	162	1458	1108	12894	5926	4298	1526	102	155	0.983	-46		2000
Montreal Expos	49	5.57	0.672	162	1458	978	12822	6109	4274	1703	132	151	0.978	-37		2000
New York Mets	47	4.56	0.696	162	1458	956	13050	6050	4350	1582	118	121	0.98	11		2000
New York Yankees	46	5.06	0.693	161	1449	1068	12819	5869	4273	1487	109	132	0.981	-22		2000
Oakland Athletics	43	5.05	0.68	161	1449	1035	12918	6166	4306	1726	134	164	0.978	-46		2000
Philadelphia Phillies	51	5.12	0.693	162	1458	1148	12948	5907	4316	1491	100	136	0.983	13		2000
Pittsburgh Pirates	46	5.48	0.673	162	1458	1101	13041	6307	4347	1828	132	169	0.979	-59		2000
San Diego Padres	55	5.03	0.696	162	1458	1048	13134	6185	4377	1667	141	155	0.977	-6	1	2000
Seattle Mariners	37	4.81	0.698	162	1458	1047	12975	6053	4325	1629	99	176	0.984	29		2000
San Francisco Giants	36	4.61	0.689	162	1458	975	12999	6070	4333	1644	93	173	0.985	6		2000
St. Louis Cardinals	46	4.76	0.699	162	1458	1021	12903	5936	4301	1524	111	148	0.981	43		2000
Tampa Bay Devil Rays	49	5.23	0.684	161	1449	1129	12882	6226	4294	1814	118	169	0.981	10	1	2000
Texas Rangers	41	6.01	0.667	162	1458	1102	12861	6016	4287	1594	135	162	0.978	-62		2000
Toronto Blue Jays	45	5.6	0.676	162	1458	1237	12936	6091	4312	1679	100	176	0.984	1		2000
Anaheim Angels	45	5.1	0.699	162	1458	1155	12882	6123	4294	1723	106	156	0.983	72		1999
Arizona Diamondbacks	42	4.17	0.701	162	1458	1135	13206	6096	4402	1590	104	132	0.983	42	1	1999
Atlanta Braves	44	4.08	0.694	162	1458	1021	13239	6182	4413	1658	111	127	0.982	43		1999
Baltimore Orioles	42	5.03	0.697	162	1458	1128	12915	6175	4305	1781	89	191	0.986	39		1999
Boston Red Sox	48	4.43	0.693	162	1458	1188	12930	5985	4310	1548	127	132	0.979	48		1999
Chicago Cubs	46	5.68	0.676	162	1458	1033	12876	6028	4292	1597	139	135	0.977	-22		1999
Chicago White Sox	40	5.37	0.678	162	1458	1109	12945	6014	4315	1563	136	149	0.977	-20		1999
Cincinnati Reds	35	4.36	0.722	163	1467	1027	13158	6042	4386	1551	105	139	0.983	96		1999
Cleveland Indians	50	5.31	0.686	162	1458	1122	13053	6196	4351	1739	106	154	0.983	33		1999
Colorado Rockies	44	6.35	0.659	162	1458	1117	12861	6142	4287	1737	118	189	0.981	-87		1999
Detroit Tigers	41	5.48	0.688	161	1449	1125	12789	5992	4263	1623	106	156	0.982	34	1	1999
Florida Marlins	44	5.26	0.679	162	1458	1083	12921	6121	4307	1687	127	150	0.979	7	1	1999
Houston Astros	38	4.17	0.672	162	1458	1053	13128	6214	4376	1732	106	175	0.983	31		1999
Kansas City Royals	50	5.72	0.68	161	1449	1177	12786	6114	4262	1727	125	188	0.98	34		1999
Los Angeles Dodgers	43	4.86	0.697	162	1458	1104	13077	6221	4359	1725	137	137	0.978	6		1999
Milwaukee Brewers	44	5.5	0.677	161	1449	1041	12984	6124	4328	1669	127	146	0.979	-31		1999
Minnesota Twins	37	5.25	0.684	161	1449	1009	12810	5975	4270	1613	92	150	0.985	-9		1999
Montreal Expos	44	5.27	0.676	162	1458	930	12909	6081	4303	1618	160	125	0.974	-33	1	1999
New York Mets	44	4.36	0.705	163	1467	1011	13110	6045	4370	1607	68	147	0.989	22		1999
New York Yankees	37	4.51	0.696	162	1458	1185	12957	6007	4319	1577	111	132	0.982	-20		1999
Oakland Athletics	42	5.22	0.681	162	1458	994	12945	6137	4315	1700	122	166	0.98	-49		1999
Philadelphia Phillies	41	5.22	0.695	162	1458	1075	12945	6013	4315	1598	100	144	0.983	36	1	1999
Pittsburgh Pirates	44	4.86	0.683	161	1449	1107	12900	6193	4300	1746	147	179	0.976	4		1999
San Diego Padres	41	4.82	0.688	162	1458	969	12783	6023	4261	1633	129	151	0.979	22		1999
Seattle Mariners	51	5.59	0.671	162	1458	1071	12903	6104	4301	1690	113	182	0.981	-55		1999
San Francisco Giants	35	5.13	0.694	162	1458	1071	13107	6104	4369	1630	105	155	0.983	-47	1	1999
St. Louis Cardinals	42	5.2	0.68	161	1449	994	13008	6102	4336	1634	132	163	0.978	-3		1999
Tampa Bay Devil Rays	46	5.64	0.661	162	1458	1131	12897	6210	4299	1776	135	198	0.978	-54	1	1999
Texas Rangers	38	5.3	0.671	162	1458	1201	12927	6158	4309	1730	119	169	0.981	-5	1	1999
Toronto Blue Jays	51	5.32	0.678	162	1458	1224	12951	6087	4317	1664	106	165	0.983	8		1999
Anaheim Angels	45	4.83	0.686	162	1458	1100	12996	6084	4332	1646	106	146	0.983	-65		1998
Arizona Diamondbacks	45	5.01	0.704	162	1458	1099	12891	6118	4297	1721	100	125	0.984	18	1	1998
Atlanta Braves	42	3.59	0.7	162	1458	1106	12948	6088	4316	1681	91	139	0.985	84		1998
Baltimore Orioles	47	4.85	0.685	162	1458	1095	12882	6135	4294	1760	81	144	0.987	-10		1998
Boston Red Sox	47	4.5	0.703	162	1458	1136	12924	6038	4308	1625	105	128	0.983	62		1998
Chicago Cubs	47	4.86	0.683	163	1467	1016	13296	6155	4432	1622	101	107	0.984	-16		1998
Chicago White Sox	39	5.71	0.686	163	1467	1153	12948	6162	4316	1706	140	161	0.977	5	1	1998
Cincinnati Reds	47	4.69	0.697	162	1458	1013	12972	6009	4324	1563	122	142	0.98	13		1998
Cleveland Indians	46	4.81	0.682	162	1458	1146	13140	6217	4380	1727	110	146	0.982	37		1998
Colorado Rockies	42	5.28	0.675	162	1458	1066	12894	6195	4298	1795	102	193	0.984	14		1998
Detroit Tigers	45	5.33	0.685	162	1458	1153	13017	6266	4339	1812	115	164	0.982	57	1	1998
Florida Marlins	49	5.7	0.669	162	1458	1141	13047	6216	4349	1738	129	177	0.979	-12		1998
Houston Astros	37	3.83	0.689	162	1458	1123	13242	6304	4414	1782	108	144	0.983	0		1998
Kansas City Royals	50	5.58	0.676	161	1449	1100	12927	6123	4309	1689	125	172	0.98	-10		1998
Los Angeles Dodgers	52	4.19	0.695	162	1458	1053	13026	6207	4342	1731	134	154	0.978	-20		1998
Milwaukee Brewers	43	5.01	0.681	162	1458	1018	13059	6224	4353	1761	110	192	0.982	25		1998
Minnesota Twins	38	5.05	0.678	162	1458	1129	13029	6036	4343	1585	108	135	0.982	-107		1998
Montreal Expos	41	4.83	0.687	162	1458	1035	12843	6124	4281	1688	155	127	0.975	34	1	1998
New York Mets	49	3.98	0.699	162	1458	1015	13122	6147	4374	1672	101	151	0.984	8		1998
New York Yankees	37	4.05	0.708	162	1458	1172	13110	6110	4370	1642	98	146	0.984	28		1998
Oakland Athletics	44	5.35	0.682	162	1458	1062	12906	6097	4302	1654	141	155	0.977	-66		1998
Philadelphia Phillies	40	4.99	0.689	162	1458	1171	13167	6246	4389	1747	110	131	0.982	38	1	1998
Pittsburgh Pirates	38	4.4	0.686	163	1467	1145	13041	6185	4347	1698	140	161	0.977	-14		1998
San Diego Padres	42	3.92	0.691	162	1458	1029	13091.2	6195	4364	1727	104	155	0.983	-52		1998
Seattle Mariners	47	5.31	0.673	161	1449	1091	12819	5970	4273	1572	125	139	0.979	-14	1	1998
San Francisco Giants	40	4.53	0.699	163	1467	1041	13293	6338	4431	1806	101	157	0.984	13	1	1998
St. Louis Cardinals	45	4.8	0.687	163	1467	1040	13227	6332	4409	1781	142	160	0.978	7		1998
Tampa Bay Devil Rays	42	4.64	0.699	162	1458	1147	12987	6188	4329	1765	94	178	0.985	91	1	1998
Texas Rangers	40	5.38	0.668	162	1458	1153	12882	5995	4294	1580	121	140	0.98	19		1998
Toronto Blue Jays	41	4.71	0.692	163	1467	1145	13185	6052	4395	1532	125	131	0.979	1		1998
Anaheim Angels	41	4.9	0.69	162	1458	1156	13092	6079	4364	1592	123	140	0.98	21		1997
Atlanta Braves	38	3.59	0.7	162	1458	993	13191	6180	4397	1669	114	136	0.982	69		1997
Baltimore Orioles	38	4.2	0.699	162	1458	1087	13149	6145	4383	1665	97	148	0.984	14		1997
Boston Red Sox	45	5.29	0.674	162	1458	1151	13065	6186	4355	1696	135	179	0.978	24	1	1997
Chicago Cubs	42	4.69	0.692	162	1458	1067	12861	6004	4287	1605	112	117	0.981	38	1	1997
Chicago White Sox	45	5.17	0.688	161	1449	1069	12801	5833	4267	1439	127	131	0.978	-26		1997
Cincinnati Reds	50	4.72	0.697	162	1458	1029	13041	6029	4347	1576	106	129	0.982	-13		1997
Cleveland Indians	46	5.06	0.68	161	1449	1148	12831	6111	4277	1728	106	159	0.983	7		1997
Colorado Rockies	42	5.6	0.667	162	1458	1079	12894	6355	4298	1946	111	202	0.983	-1		1997
Detroit Tigers	43	4.88	0.698	162	1458	1121	13011	6149	4337	1720	92	146	0.985	-59	1	1997
Florida Marlins	43	4.13	0.692	162	1458	1058	13020	6106	4340	1650	116	167	0.981	-5		1997
Houston Astros	41	4.07	0.693	162	1458	1094	13131	6382	4377	1874	131	169	0.979	64		1997
Kansas City Royals	50	5.09	0.691	161	1449	1083	12987	6050	4329	1630	91	168	0.985	53		1997
Los Angeles Dodgers	42	3.98	0.706	162	1458	1106	13134	6057	4378	1563	116	104	0.981	-37		1997
Milwaukee Brewers	44	4.61	0.695	161	1449	1008	12846	6058	4282	1655	121	171	0.98	50		1997
Minnesota Twins	38	5.31	0.681	162	1458	1111	12906	6097	4302	1694	101	170	0.983	-7		1997
Montreal Expos	41	4.57	0.696	162	1458	1113	13023	6170	4341	1697	132	150	0.979	22	1	1997
New York Mets	45	4.38	0.697	162	1458	988	13134	6379	4378	1881	120	165	0.981	44	1	1997
New York Yankees	40	4.25	0.685	162	1458	1136	13209	6211	4403	1704	104	156	0.983	-63		1997
Oakland Athletics	49	5.84	0.66	162	1458	988	13008	6223	4336	1765	122	170	0.98	-90		1997
Philadelphia Phillies	46	5.19	0.68	162	1458	1125	12783	5916	4261	1547	108	134	0.982	11	1	1997
Pittsburgh Pirates	43	4.69	0.675	162	1458	1085	12924	6272	4308	1833	131	149	0.979	-89		1997
San Diego Padres	45	5.5	0.672	162	1458	1075	13050	6301	4350	1819	132	132	0.979	-130		1997
Seattle Mariners	47	5.14	0.678	162	1458	1097	13029	6041	4343	1572	126	143	0.979	7		1997
San Francisco Giants	42	4.9	0.684	162	1458	1086	13014	6262	4338	1799	125	157	0.98	42		1997
St. Louis Cardinals	51	4.37	0.686	162	1458	1006	13101	6229	4367	1739	123	156	0.98	59	1	1997
Texas Rangers	43	5.08	0.675	162	1458	1117	12867	6076	4289	1666	121	155	0.98	21	1	1997
Toronto Blue Jays	44	4.28	0.687	162	1458	1230	12984	5958	4328	1536	94	150	0.984	12		1997
Atlanta Braves	42	4	0.689	162	1458	1085	13221	6346	4407	1809	130	143	0.98	38		1996
Baltimore Orioles	44	5.54	0.681	163	1467	1109	13218	6233	4406	1730	97	173	0.984	-30	1	1996
Boston Red Sox	54	5.69	0.665	162	1458	1034	13122	6147	4374	1638	135	152	0.978	-77	1	1996
California Angels	51	5.86	0.683	161	1449	1138	12951	6147	4317	1702	128	156	0.979	-6		1996
Chicago Cubs	41	4.76	0.702	162	1458	1048	13107	6240	4369	1767	104	147	0.983	91		1996
Chicago White Sox	43	4.9	0.687	162	1458	1059	13149	6066	4383	1574	109	145	0.982	-16	1	1996
Cincinnati Reds	48	4.77	0.69	162	1458	1023	12987	6144	4329	1694	121	145	0.98	-40		1996
Cleveland Indians	44	4.78	0.682	161	1449	1133	13071	6246	4357	1765	124	156	0.98	-13		1996
Colorado Rockies	44	5.95	0.674	162	1458	1105	12804	6318	4268	1901	149	167	0.976	-5		1996
Detroit Tigers	53	6.81	0.668	162	1458	1127	12894	6162	4298	1727	137	157	0.978	-77	1	1996
Florida Marlins	46	4.34	0.692	162	1458	1088	12987	6236	4329	1796	111	187	0.982	48		1996
Houston Astros	43	4.89	0.667	162	1458	1064	13023	6171	4341	1692	138	130	0.978	8		1996
Kansas City Royals	40	4.88	0.685	161	1449	1015	13050	6165	4350	1704	111	184	0.982	6		1996
Los Angeles Dodgers	38	4.02	0.69	162	1458	1082	13197	6160	4399	1636	125	143	0.98	-33		1996
Milwaukee Brewers	48	5.55	0.692	162	1458	1034	13026	6169	4342	1693	134	180	0.978	8	1	1996
Minnesota Twins	38	5.56	0.694	162	1458	1096	12957	5932	4319	1519	94	142	0.984	34		1996
Montreal Expos	37	4.12	0.696	162	1458	1039	12972	6163	4324	1713	126	121	0.98	1		1996
New York Mets	40	4.81	0.678	162	1458	1048	12960	6196	4320	1717	159	163	0.974	80		1996
New York Yankees	47	4.86	0.682	162	1458	1084	12960	6024	4320	1613	91	146	0.985	-45		1996
Oakland Athletics	43	5.56	0.682	162	1458	987	13107	6250	4369	1778	103	195	0.984	-53		1996
Philadelphia Phillies	54	4.88	0.686	162	1458	1174	12810	5968	4270	1582	116	145	0.981	2	1	1996
Pittsburgh Pirates	46	5.14	0.673	162	1458	1072	13080	6356	4360	1868	128	144	0.98	-45		1996
San Diego Padres	41	4.21	0.698	162	1458	1101	13401	6353	4467	1768	118	136	0.981	-27		1996
Seattle Mariners	48	5.56	0.683	161	1449	1068	12885	5947	4295	1542	110	155	0.982	50		1996
San Francisco Giants	49	5.32	0.686	162	1458	1080	12981	6100	4327	1637	136	165	0.978	26		1996
St. Louis Cardinals	38	4.36	0.706	162	1458	1098	13071	6148	4357	1666	125	139	0.98	78		1996
Texas Rangers	38	4.9	0.684	163	1467	1156	13044	6082	4348	1647	87	150	0.986	23	1	1996
Toronto Blue Jays	40	4.99	0.691	162	1458	1140	13011	6055	4337	1608	110	187	0.982	-19	1	1996
Atlanta Braves	40	3.75	0.696	144	1296	975	11625	5544	3875	1569	100	113	0.982	19		1995
Baltimore Orioles	45	4.44	0.716	144	1296	993	11403	5314	3801	1441	72	141	0.986	44		1995
Boston Red Sox	53	4.85	0.682	144	1296	998	11634	5579	3878	1581	120	151	0.978	79		1995
California Angels	43	4.81	0.696	145	1305	1006	11559	5364	3853	1416	95	120	0.982	17		1995
Chicago Cubs	43	4.66	0.695	144	1296	981	11709	5581	3903	1563	115	115	0.979	16	1	1995
Chicago White Sox	46	5.23	0.683	145	1305	980	11562	5377	3854	1415	108	131	0.98	-19		1995
Cincinnati Reds	47	4.33	0.699	144	1296	871	11604	5454	3868	1507	79	140	0.986	27		1995
Cleveland Indians	40	4.22	0.699	144	1296	1010	11709	5601	3903	1597	101	142	0.982	-7		1995
Colorado Rockies	41	5.44	0.671	144	1296	964	11595	5637	3865	1665	107	146	0.981	-33		1995
Detroit Tigers	45	5.86	0.672	144	1296	981	11475	5525	3825	1594	106	143	0.981	-50	1	1995
Florida Marlins	46	4.71	0.683	143	1287	975	11574	5439	3858	1466	115	143	0.979	6		1995
Houston Astros	43	4.68	0.673	144	1296	964	11883	5721	3961	1639	121	120	0.979	-47		1995
Kansas City Royals	51	4.8	0.699	144	1296	934	11592	5614	3864	1660	90	168	0.984	46		1995
Los Angeles Dodgers	49	4.23	0.697	144	1296	966	11655	5505	3885	1490	130	120	0.976	-24		1995
Milwaukee Brewers	40	5.19	0.688	144	1296	816	11574	5632	3858	1669	105	186	0.981	3	1	1995
Minnesota Twins	44	6.17	0.684	144	1296	971	11454	5405	3818	1487	100	141	0.981	4		1995
Montreal Expos	45	4.43	0.689	144	1296	975	11553	5518	3851	1558	109	119	0.98	-12		1995
New York Mets	44	4.29	0.692	144	1296	964	11619	5591	3873	1603	115	125	0.979	-22		1995
New York Yankees	42	4.74	0.702	145	1305	1005	11562	5345	3854	1417	74	121	0.986	9		1995
Oakland Athletics	44	5.28	0.688	144	1296	948	11457	5407	3819	1486	102	151	0.981	-36	1	1995
Philadelphia Phillies	49	4.57	0.697	144	1296	1050	11613	5488	3871	1520	97	139	0.982	5	1	1995
Pittsburgh Pirates	40	5.11	0.669	144	1296	946	11478	5536	3826	1588	122	138	0.978	-40	1	1995
San Diego Padres	40	4.67	0.69	144	1296	932	11562	5500	3854	1538	108	130	0.98	-85		1995
Seattle Mariners	46	4.88	0.676	145	1305	977	11604	5329	3868	1357	104	108	0.98	10		1995
San Francisco Giants	46	5.39	0.694	144	1296	1002	11643	5537	3881	1548	108	142	0.98	78		1995
St. Louis Cardinals	46	4.6	0.69	143	1287	1016	11391	5532	3797	1622	113	156	0.98	40	1	1995
Texas Rangers	45	5	0.683	144	1296	959	11565	5542	3855	1589	98	156	0.982	24		1995
Toronto Blue Jays	38	5.4	0.689	144	1296	1019	11634	5374	3878	1399	97	131	0.982	-59	1	1995
Atlanta Braves	31	3.93	0.697	114	1026	786	9237	4392	3079	1232	81	85	0.982	25		1994
Baltimore Orioles	31	4.44	0.706	112	1008	821	8979	4177	2993	1127	57	103	0.986	56		1994
Boston Red Sox	42	5.4	0.678	115	1035	822	9264	4362	3088	1193	81	124	0.981	12		1994
California Angels	37	5.74	0.679	115	1035	805	9243	4353	3081	1196	76	110	0.983	7		1994
Chicago Cubs	35	4.86	0.689	113	1017	732	9213	4409	3071	1257	81	110	0.982	11		1994
Chicago White Sox	34	4.41	0.705	113	1017	786	9102	4104	3034	991	79	91	0.981	13		1994
Cincinnati Reds	35	4.26	0.691	115	1035	756	9345	4368	3115	1180	73	91	0.983	-2		1994
Cleveland Indians	39	4.97	0.676	113	1017	799	9168	4435	3056	1289	90	119	0.98	-5		1994
Colorado Rockies	36	5.45	0.664	117	1053	836	9279	4436	3093	1259	84	117	0.981	-32		1994
Detroit Tigers	36	5.83	0.693	115	1035	796	9162	4397	3054	1261	82	90	0.981	-38		1994
Florida Marlins	42	5.01	0.688	115	1035	758	9135	4348	3045	1208	95	111	0.978	24		1994
Houston Astros	33	4.37	0.688	115	1035	806	9267	4428	3089	1263	76	110	0.983	26		1994
Kansas City Royals	31	4.63	0.695	115	1035	864	9285	4428	3095	1253	80	102	0.982	-10		1994
Los Angeles Dodgers	35	4.46	0.681	114	1026	734	9126	4374	3042	1244	88	104	0.98	-70		1994
Milwaukee Brewers	36	5.1	0.701	115	1035	763	9324	4495	3108	1302	85	130	0.981	33		1994
Minnesota Twins	33	6.09	0.673	113	1017	781	9045	4276	3015	1186	75	99	0.982	9		1994
Montreal Expos	32	3.98	0.699	114	1026	723	9330	4382	3110	1178	94	90	0.979	23		1994
New York Mets	37	4.65	0.692	113	1017	741	9207	4443	3069	1285	89	112	0.98	-19		1994
New York Yankees	36	4.73	0.695	113	1017	783	9177	4465	3059	1326	80	122	0.982	-2		1994
Oakland Athletics	43	5.17	0.7	114	1026	761	9030	4220	3010	1122	88	105	0.979	28		1994
Philadelphia Phillies	40	4.32	0.693	115	1035	805	9219	4311	3073	1144	94	96	0.978	-34		1994
Pittsburgh Pirates	39	5.09	0.678	114	1026	788	9051	4446	3017	1338	91	131	0.98	25		1994
San Diego Padres	40	4.54	0.686	117	1053	753	9411	4449	3137	1201	111	82	0.975	-96		1994
Seattle Mariners	44	5.5	0.669	112	1008	781	8856	4214	2952	1167	95	102	0.977	9		1994
San Francisco Giants	36	4.35	0.707	115	1035	796	9228	4419	3076	1275	68	113	0.985	35		1994
St. Louis Cardinals	37	5.4	0.677	115	1035	852	9162	4394	3054	1260	80	119	0.982	35		1994
Texas Rangers	40	6.11	0.673	114	1026	797	9207	4437	3069	1262	106	106	0.976	-44		1994
Toronto Blue Jays	34	5.03	0.681	115	1035	822	9225	4215	3075	1059	81	105	0.981	-30		1994
Atlanta Braves	33	3.45	0.711	162	1458	1122	13095	6242	4365	1769	108	146	0.983	82	1	1993
Baltimore Orioles	39	4.6	0.704	162	1458	1200	12984	6217	4328	1789	100	171	0.984	73		1993
Boston Red Sox	38	4.31	0.702	162	1458	1055	13071	6171	4357	1692	122	155	0.98	71		1993
California Angels	46	4.75	0.695	162	1458	1137	12873	6105	4291	1694	120	161	0.98	-40		1993
Chicago Cubs	38	4.53	0.69	163	1467	1087	13047	6353	4349	1889	115	162	0.982	46		1993
Chicago White Sox	40	4.1	0.7	162	1458	1126	13086	6139	4362	1665	112	153	0.982	61		1993
Cincinnati Reds	51	4.85	0.684	162	1458	1091	12906	6056	4302	1633	121	133	0.98	-52		1993
Cleveland Indians	47	5.02	0.679	162	1458	1077	13011	6146	4337	1661	148	174	0.976	2	1	1993
Colorado Rockies	46	5.97	0.664	162	1458	1105	12882	6221	4294	1760	167	149	0.973	-23		1993
Detroit Tigers	40	5.17	0.693	162	1458	1104	12930	6219	4310	1777	132	148	0.979	-32		1993
Florida Marlins	43	4.47	0.696	162	1458	1115	12963	6149	4321	1703	125	130	0.98	-23		1993
Houston Astros	36	3.89	0.697	162	1458	1131	12972	6101	4324	1651	126	141	0.979	34		1993
Kansas City Royals	42	4.28	0.7	162	1458	1118	13008	6142	4336	1709	97	150	0.984	27		1993
Los Angeles Dodgers	35	4.09	0.693	162	1458	1112	13254	6389	4418	1838	133	141	0.979	-97		1993
Milwaukee Brewers	40	4.89	0.696	162	1458	1090	13023	6104	4341	1632	131	148	0.979	25		1993
Minnesota Twins	41	5.12	0.679	162	1458	1082	12999	6188	4333	1755	100	160	0.984	-43		1993
Montreal Expos	48	4.18	0.703	163	1467	997	13110	6356	4370	1827	159	144	0.975	-22		1993
New York Mets	41	4.59	0.69	162	1458	1076	12942	6251	4314	1781	156	143	0.975	-20		1993
New York Yankees	41	4.7	0.7	162	1458	1082	12945	6309	4315	1889	105	166	0.983	40		1993
Oakland Athletics	43	5.22	0.689	162	1458	1123	13071	6093	4357	1625	111	161	0.982	-43		1993
Philadelphia Phillies	40	4.57	0.693	162	1458	1104	13254	6095	4418	1536	141	123	0.977	-49		1993
Pittsburgh Pirates	47	4.98	0.689	162	1458	1079	13011	6258	4337	1816	105	161	0.983	-15		1993
San Diego Padres	46	4.77	0.688	162	1458	1010	12939	6089	4313	1616	160	129	0.974	-130	1	1993
Seattle Mariners	48	4.51	0.693	162	1458	1121	13083	6177	4361	1726	90	173	0.985	47		1993
San Francisco Giants	41	3.93	0.711	162	1458	1138	13110	6204	4370	1733	101	169	0.984	37		1993
St. Louis Cardinals	39	4.59	0.689	162	1458	1108	13077	6408	4359	1890	159	157	0.975	-16		1993
Texas Rangers	42	4.64	0.688	162	1458	1101	12945	6227	4315	1780	132	145	0.979	6		1993
Toronto Blue Jays	38	4.58	0.692	162	1458	1194	12972	6013	4324	1582	107	144	0.982	10	1	1993
Atlanta Braves	41	3.51	0.713	162	1458	1013	13140	6192	4380	1703	109	121	0.982	39	1	1992
Baltimore Orioles	35	4.05	0.71	162	1458	1162	13176	6193	4392	1708	93	168	0.985	14		1992
Boston Red Sox	37	4.13	0.695	162	1458	1161	13038	6356	4346	1871	139	170	0.978	-20		1992
California Angels	41	4.14	0.693	162	1458	1127	13014	6283	4338	1811	134	172	0.979	12		1992
Chicago Cubs	41	3.85	0.716	162	1458	1068	13221	6455	4407	1934	114	142	0.982	2		1992
Chicago White Sox	35	4.26	0.711	162	1458	1131	13155	6292	4385	1778	129	134	0.979	39		1992
Cincinnati Reds	42	3.76	0.7	162	1458	1040	13047	6110	4349	1665	96	128	0.984	-28	1	1992
Cleveland Indians	42	4.6	0.693	162	1458	1127	13230	6278	4410	1727	141	176	0.978	18		1992
Detroit Tigers	34	4.9	0.698	162	1458	1133	12921	6189	4307	1766	116	164	0.981	25	1	1992
Houston Astros	37	4.12	0.704	162	1458	1037	13134	6113	4378	1621	114	125	0.981	8		1992
Kansas City Royals	42	4.12	0.701	162	1458	1162	13026	6212	4342	1748	122	164	0.98	-16		1992
Los Angeles Dodgers	36	3.93	0.685	162	1458	1006	12942	6315	4314	1827	174	136	0.972	-96		1992
Milwaukee Brewers	35	3.73	0.725	162	1458	1150	13113	6201	4371	1741	89	146	0.986	12		1992
Minnesota Twins	39	4.03	0.706	162	1458	1065	13077	6230	4359	1776	95	155	0.985	35		1992
Montreal Expos	45	3.59	0.713	162	1458	1077	13212	6302	4404	1774	124	113	0.98	-2		1992
New York Mets	44	4.03	0.692	162	1458	991	13020	6173	4340	1717	116	134	0.981	-50		1992
New York Yankees	40	4.6	0.699	162	1458	1194	13074	6211	4358	1739	114	165	0.982	-16		1992
Oakland Athletics	44	4.15	0.707	162	1458	1040	13023	6042	4341	1576	125	158	0.979	12		1992
Philadelphia Phillies	48	4.43	0.704	162	1458	1150	12852	6029	4284	1614	131	128	0.978	-24		1992
Pittsburgh Pirates	43	3.67	0.711	162	1458	1070	13317	6471	4439	1931	101	144	0.984	0		1992
San Diego Padres	38	3.93	0.694	162	1458	1152	13152	6218	4384	1719	115	127	0.982	41		1992
Seattle Mariners	48	4.93	0.694	162	1458	1085	13005	6210	4335	1763	112	170	0.982	-46		1992
San Francisco Giants	40	3.99	0.707	162	1458	1056	13149	6278	4383	1782	113	174	0.982	8		1992
St. Louis Cardinals	39	3.73	0.716	162	1458	1128	13320	6311	4440	1777	94	146	0.985	-1		1992
Texas Rangers	51	4.65	0.68	162	1458	1034	13143	6227	4381	1692	154	153	0.975	-48		1992
Toronto Blue Jays	39	4.21	0.712	162	1458	1167	12966	6006	4322	1591	93	109	0.985	32	1	1992
Atlanta Braves	43	3.98	0.714	162	1458	988	13074	6330	4358	1834	138	122	0.978	-98	1	1991
Baltimore Orioles	41	4.91	0.692	162	1458	1067	13119	6271	4373	1807	91	172	0.985	39		1991
Boston Red Sox	37	4.4	0.699	162	1458	1126	12957	6203	4319	1768	116	165	0.981	35		1991
California Angels	41	4.01	0.708	162	1458	1186	12975	6285	4325	1858	102	156	0.984	-28		1991
Chicago Cubs	39	4.59	0.703	160	1440	962	13110	6313	4370	1830	113	120	0.982	5		1991
Chicago White Sox	37	4.2	0.728	162	1458	974	13302	6290	4434	1740	116	151	0.982	64		1991
Cincinnati Reds	40	4.27	0.701	162	1458	1088	12960	6060	4320	1615	125	131	0.979	-9	1	1991
Cleveland Indians	52	4.69	0.678	162	1458	1100	12972	6185	4324	1712	149	150	0.976	-13		1991
Detroit Tigers	41	4.9	0.693	162	1458	1101	13053	6251	4351	1796	104	171	0.983	52		1991
Houston Astros	44	4.43	0.701	162	1458	1014	13077	6137	4359	1617	161	129	0.974	8		1991
Kansas City Royals	45	4.46	0.688	162	1458	1028	13194	6217	4398	1694	125	141	0.98	-30		1991
Los Angeles Dodgers	38	3.49	0.708	162	1458	1007	13122	6292	4374	1795	123	126	0.98	-26		1991
Milwaukee Brewers	39	4.59	0.698	162	1458	1158	13173	6279	4391	1770	118	176	0.981	-30	1	1991
Minnesota Twins	35	4.02	0.71	162	1458	972	13044	6222	4348	1779	95	161	0.985	35		1991
Montreal Expos	38	4.07	0.713	161	1449	1121	12963	6250	4321	1796	133	128	0.979	11		1991
New York Mets	40	4.01	0.689	161	1449	1012	12936	6221	4312	1766	143	112	0.977	-64		1991
New York Yankees	40	4.8	0.684	162	1458	1125	12996	6217	4332	1752	133	181	0.979	-39		1991
Oakland Athletics	46	4.79	0.706	162	1458	1015	12999	6048	4333	1608	107	150	0.982	18		1991
Philadelphia Phillies	42	4.2	0.71	162	1458	1105	13167	6131	4389	1623	119	111	0.981	-16		1991
Pittsburgh Pirates	41	3.9	0.701	162	1458	1069	13110	6336	4370	1846	120	134	0.981	-13		1991
San Diego Padres	47	3.99	0.711	162	1458	1120	13074	6202	4358	1731	113	130	0.982	64		1991
Seattle Mariners	38	4.16	0.703	162	1458	1009	13179	6286	4393	1783	110	187	0.983	-29		1991
San Francisco Giants	41	4.3	0.707	162	1458	1003	12978	6188	4326	1753	109	151	0.982	15		1991
St. Louis Cardinals	36	4	0.711	162	1458	1080	12918	6102	4306	1689	107	133	0.982	26		1991
Texas Rangers	48	5.02	0.692	162	1458	939	13311	6283	4437	1712	134	138	0.979	-36		1991
Toronto Blue Jays	44	3.84	0.718	162	1458	1133	13164	6201	4388	1686	127	115	0.98	29	1	1991
Atlanta Braves	46	5.07	0.676	162	1458	1098	12867	6182	4289	1735	158	133	0.974	-58		1990
Baltimore Orioles	46	4.34	0.711	161	1449	1114	12918	6050	4306	1651	93	151	0.985	39		1990
Boston Red Sox	40	4.1	0.685	162	1458	1155	12978	6192	4326	1743	123	154	0.98	-34		1990
California Angels	42	4.36	0.681	162	1458	1128	13086	6375	4362	1871	142	186	0.978	-44		1990
Chicago Cubs	39	4.78	0.689	162	1458	1069	12984	6208	4328	1756	124	136	0.98	-76		1990
Chicago White Sox	36	3.91	0.712	162	1458	1092	13044	6178	4348	1706	124	169	0.98	66		1990
Cincinnati Reds	39	3.69	0.709	162	1458	1108	13107	6161	4369	1690	102	126	0.983	-17	1	1990
Cleveland Indians	44	4.55	0.695	162	1458	1108	12846	6047	4282	1648	117	146	0.981	16		1990
Detroit Tigers	43	4.65	0.705	162	1458	1082	12873	6196	4291	1774	131	178	0.979	-9	1	1990
Houston Astros	43	4.05	0.708	162	1458	1011	13050	6083	4350	1602	131	124	0.978	-39		1990
Kansas City Royals	46	4.4	0.683	161	1449	1077	12786	5982	4262	1598	122	161	0.98	-53		1990
Los Angeles Dodgers	46	4.23	0.703	162	1458	1019	12978	6068	4326	1612	130	123	0.979	-19		1990
Milwaukee Brewers	43	4.69	0.685	162	1458	1090	13005	6221	4335	1737	149	152	0.976	-28		1990
Minnesota Twins	39	4.5	0.689	162	1458	1041	12921	6113	4307	1705	101	161	0.983	-1		1990
Montreal Expos	42	3.69	0.713	162	1458	1075	13260	6178	4420	1648	110	134	0.982	-20		1990
New York Mets	44	3.78	0.69	162	1458	1080	12960	6017	4320	1565	132	107	0.978	-36		1990
New York Yankees	42	4.62	0.699	162	1458	1105	13002	6251	4334	1791	126	164	0.98	38		1990
Oakland Athletics	39	3.52	0.732	162	1458	1071	13104	6085	4368	1630	87	152	0.986	107		1990
Philadelphia Phillies	43	4.5	0.711	162	1458	1109	13041	6203	4347	1739	117	150	0.981	27		1990
Pittsburgh Pirates	46	3.82	0.713	162	1458	1104	13023	6252	4341	1777	134	125	0.979	18	1	1990
San Diego Padres	36	4.15	0.7	162	1458	1137	13155	6194	4385	1668	141	141	0.977	-47		1990
Seattle Mariners	43	4.2	0.704	162	1458	1120	12990	6190	4330	1730	130	152	0.979	50		1990
San Francisco Giants	51	4.38	0.702	162	1458	1028	13017	6271	4339	1825	107	148	0.983	-30		1990
St. Louis Cardinals	43	4.31	0.699	162	1458	1119	12990	6194	4330	1734	130	114	0.979	35	1	1990
Texas Rangers	40	4.3	0.701	162	1458	986	13002	6188	4334	1721	133	161	0.979	22		1990
Toronto Blue Jays	40	4.08	0.707	162	1458	1165	13086	6168	4362	1720	86	144	0.986	28		1990